919 525
77 1 8 27 31 41 59 67 73 82 94 107 119 126 133 147 157 168 178 181 192 207 215 228 238 247 258 264 270 287 293 301 313 327 336 341 350 362 371 381 390 409 416 425 430 444 456 466 473 488 491 505 517 525 530 543 555 560 571 584 591 607 617 620 634 645 657 661 671 687 690 700 711 723 738 749 751 762 

507.462 498.123
15 5 16 20 31 46 53 65 77 89 94 101 116 128 131 144 

529.832 82.9493
45 7 12 28 36 45 57 67 70 86 94 108 117 128 135 143 153 167 171 184 195 208 211 225 232 244 257 266 275 285 297 306 317 328 339 349 355 360 377 385 398 400 413 420 438 449 

955.779 195.288
67 3 14 23 38 42 50 62 75 85 95 103 116 121 134 147 158 163 174 186 193 209 211 226 231 248 257 265 273 280 292 309 317 328 334 349 352 362 378 383 393 408 417 425 430 440 458 465 472 482 490 503 511 525 531 548 552 563 578 584 598 605 613 621 639 647 653 660 

111.85 760.613
61 9 17 20 34 49 59 60 79 80 91 107 115 125 136 142 157 160 177 186 194 201 210 221 237 248 255 261 275 287 291 300 317 322 335 343 358 361 370 380 390 401 419 421 435 442 454 467 471 487 498 504 519 521 531 547 556 561 573 581 595 604 

444.594 294.229
84 0 17 26 33 44 59 61 76 86 93 104 114 124 139 145 151 168 177 185 194 208 215 220 238 242 251 266 279 280 292 305 311 325 335 342 355 365 370 383 395 408 412 423 437 447 450 463 477 488 492 508 518 528 532 549 558 569 579 587 591 606 614 627 630 641 658 660 678 682 690 703 719 723 736 746 751 763 771 780 797 805 814 825 830 

143.773 863.704
47 7 16 27 37 44 58 67 79 80 93 109 119 128 135 146 151 163 172 186 195 206 210 228 233 249 250 266 273 280 299 301 310 328 333 346 350 364 372 387 399 408 413 420 438 445 452 464 

117.313 703.848
44 1 11 27 34 40 59 62 75 80 90 108 110 122 131 148 158 167 173 184 199 207 216 226 235 241 252 269 271 284 295 301 315 324 335 349 357 363 373 385 396 406 411 427 430 

800.623 406.323
94 5 18 28 33 42 54 65 79 81 96 107 116 121 139 142 155 168 171 187 192 206 214 223 239 245 257 263 272 284 294 301 315 326 333 347 357 363 370 389 392 409 414 420 433 442 454 466 476 481 499 501 515 527 535 548 554 566 577 581 593 608 610 623 631 644 651 663 675 687 693 707 715 727 733 743 759 768 778 782 796 808 818 820 834 849 858 864 874 883 898 908 911 920 934 

505.264 209.387
58 8 17 28 34 49 59 65 71 83 90 107 119 126 134 142 154 168 178 188 195 208 211 228 236 243 256 269 278 285 293 300 310 322 332 349 354 365 374 385 393 407 414 421 435 442 459 465 475 482 494 504 513 527 533 545 551 568 578 

729.881 356.67
88 5 16 26 36 47 54 63 75 80 93 105 118 126 135 140 152 160 171 185 194 209 218 221 231 246 254 262 272 285 292 306 318 328 331 343 354 364 373 381 397 404 419 424 434 448 454 464 478 488 491 508 514 520 533 542 553 563 573 586 593 606 619 620 635 646 651 665 677 688 691 709 718 726 731 748 755 764 777 785 795 806 818 822 839 846 850 861 877 

524.003 312.174
2 3 19 

857.173 861.843
66 8 19 25 31 40 57 61 76 83 93 102 118 129 139 149 150 167 174 182 191 202 211 220 233 243 257 261 279 286 298 302 316 323 338 346 358 362 376 388 396 408 415 427 439 447 458 465 475 484 490 506 512 529 536 546 550 561 574 580 597 609 612 627 636 640 654 

47.7004 301.828
45 0 18 21 37 41 57 60 75 81 99 108 115 124 135 147 157 166 171 188 198 209 218 229 238 244 251 263 278 280 292 308 317 321 336 346 357 365 374 389 390 409 419 422 431 443 

731.895 774.59
94 8 19 20 39 44 57 62 76 84 94 107 110 124 134 141 150 161 174 189 198 205 219 221 235 242 259 269 270 280 297 308 312 329 334 346 357 367 373 385 399 401 412 425 435 447 454 463 479 488 490 500 511 523 536 543 555 560 573 581 592 607 611 627 631 640 652 668 673 684 695 700 710 724 731 746 756 760 772 784 792 806 817 823 834 841 854 861 873 880 899 906 910 923 933 

825.983 69.4906
72 1 19 22 34 43 55 69 74 86 90 101 119 126 134 144 159 166 178 188 199 207 213 220 235 241 251 265 277 280 297 305 312 329 339 343 358 367 370 382 396 405 419 425 437 448 454 463 475 485 495 500 512 520 533 548 555 564 575 589 599 602 613 628 638 649 653 666 677 689 699 705 718 

694.021 47.6394
20 8 11 26 30 44 59 66 75 87 97 102 118 126 132 142 154 169 178 181 195 

378.46 689.901
44 8 19 21 31 40 58 60 77 86 93 109 119 128 137 148 158 160 172 186 196 206 218 220 234 247 255 266 276 283 296 300 311 320 332 345 353 366 371 383 398 403 417 429 439 

217.139 793.176
31 6 11 24 37 43 51 61 72 89 98 103 115 129 138 149 153 162 175 187 193 205 218 228 236 242 253 269 276 282 299 301 

218.696 219.031
52 6 19 22 33 46 57 64 78 81 95 102 117 120 134 140 152 161 175 183 197 207 213 227 239 243 254 269 273 281 299 306 312 328 334 342 358 366 376 388 398 405 418 429 433 447 453 469 474 489 492 509 517 

220.832 888.241
60 7 13 29 34 43 57 66 71 87 99 107 111 127 137 141 153 167 175 180 192 201 213 223 232 240 251 266 278 281 291 307 313 322 339 347 354 365 376 388 399 408 413 423 439 440 459 469 477 486 491 505 513 524 539 541 555 566 571 580 593 

515.61 236.702
8 0 10 23 38 43 58 69 77 

866.787 550.798
32 8 15 26 34 46 50 66 71 82 95 105 111 123 132 141 157 161 174 183 199 206 215 226 235 241 253 260 278 280 295 304 318 

564.928 49.1958
32 7 12 21 30 49 59 65 73 82 92 102 119 125 131 149 153 160 172 186 194 206 212 229 234 242 259 268 277 280 291 305 314 

582.11 501.541
75 2 11 25 33 40 51 68 77 88 97 102 110 122 137 146 151 166 173 189 195 207 214 223 237 240 250 261 279 287 297 304 317 325 336 342 357 363 372 385 392 401 415 423 437 445 453 468 472 482 491 501 515 523 539 541 559 561 579 582 594 602 617 628 633 643 655 665 671 683 695 705 717 721 731 745 

861.66 832.514
42 8 13 27 32 44 56 61 79 82 94 105 113 120 139 143 153 166 172 180 193 208 218 227 239 248 258 263 271 282 291 308 319 322 337 347 358 366 377 385 392 409 417 

194.739 836.909
33 8 12 23 38 47 57 62 79 87 98 107 118 120 134 148 157 165 173 187 195 200 212 226 237 245 258 267 276 286 294 305 314 321 

722.831 825.282
30 0 15 28 32 40 55 68 77 81 90 109 116 129 134 148 151 166 172 183 196 204 218 229 238 243 257 268 276 282 295 

653.371 980.499
34 4 12 22 35 43 56 64 78 87 93 107 118 120 137 142 153 160 172 189 196 204 219 220 231 245 251 260 272 280 290 307 319 324 337 

60.3656 238.563
53 7 13 23 37 48 58 66 72 85 97 102 115 125 130 147 155 169 170 182 199 200 214 227 233 247 259 264 270 283 290 304 319 325 333 348 355 360 373 383 397 400 412 422 430 444 454 463 478 488 499 508 518 520 

200.354 242.256
20 3 16 25 34 43 56 63 70 84 99 106 119 126 130 142 157 160 179 187 190 

465.743 470.443
72 8 18 29 34 43 53 62 71 88 95 104 112 127 138 141 159 162 178 189 193 203 215 227 239 243 251 268 277 281 292 307 311 322 330 342 359 360 374 389 390 404 410 421 437 440 454 463 471 481 499 507 511 527 530 547 557 565 571 581 594 601 619 624 635 643 659 662 670 686 690 701 718 

0.061037 419.202
74 3 10 24 30 48 58 61 78 87 90 103 116 120 135 146 152 167 175 186 196 209 217 221 234 241 258 266 273 285 292 301 315 326 338 347 352 368 370 384 391 403 418 426 433 444 458 469 479 484 491 503 514 522 533 547 558 562 571 588 596 608 611 629 633 642 651 669 674 687 693 700 712 727 730 

447.737 77.5475
1 9 

859.371 130.589
16 8 18 25 32 44 59 61 71 80 96 102 113 123 131 142 152 

991.211 300.729
66 6 16 21 32 40 54 64 76 86 98 107 110 121 137 142 157 169 173 184 196 204 216 224 237 242 253 261 279 287 295 308 315 323 339 347 353 363 373 381 398 408 415 427 434 447 455 468 477 482 495 509 511 522 536 546 557 565 575 587 598 600 615 628 639 648 651 

559.252 288.858
69 0 14 28 31 45 56 61 79 87 97 105 110 121 136 143 151 166 172 180 193 209 214 229 238 243 254 265 273 286 290 306 315 322 339 341 358 362 372 385 395 400 417 423 433 440 458 469 471 481 499 507 515 523 535 548 558 566 570 583 593 601 614 620 636 640 658 667 671 689 

948.576 299.722
87 9 13 27 31 40 54 62 74 86 94 106 117 121 132 149 157 161 172 185 192 201 210 225 233 245 252 265 272 288 295 300 310 320 337 347 355 362 370 381 395 404 414 423 437 448 452 465 470 483 492 505 510 527 535 543 558 568 570 585 591 601 615 625 639 640 651 663 677 684 695 708 717 720 737 740 751 763 777 787 798 809 811 826 837 848 857 861 

9.18607 412.702
36 3 14 29 39 40 53 66 77 89 95 102 116 126 139 141 156 165 176 186 196 205 215 222 231 244 257 262 279 283 293 307 311 327 330 341 351 

113.498 860.408
8 8 12 25 35 47 53 62 74 

698.325 442.61
33 6 16 22 33 45 58 60 79 86 91 102 119 121 132 149 154 167 170 189 190 204 210 224 232 248 256 267 275 282 290 305 315 321 

661.946 847.896
49 2 15 29 34 46 58 65 76 84 95 103 116 121 133 143 158 164 175 185 197 203 210 224 235 242 257 268 274 281 290 309 319 320 333 345 357 362 371 388 398 407 419 428 434 444 452 461 475 480 

187.231 777.123
65 6 10 22 37 46 55 69 76 88 90 109 114 122 132 140 150 165 172 189 199 201 216 224 230 240 252 269 279 284 296 302 313 322 333 341 356 363 372 389 393 400 419 424 437 447 457 468 475 480 490 501 510 523 531 546 559 566 572 580 597 607 613 620 630 645 

873.409 496.658
63 8 18 24 33 42 56 62 71 84 97 103 115 120 138 143 150 162 175 183 192 201 212 229 237 249 253 263 272 284 293 302 311 320 332 349 357 366 372 386 391 400 410 424 434 448 454 469 474 485 493 503 518 524 535 544 555 562 575 586 592 606 614 623 

146.733 801.721
82 5 13 27 33 46 57 62 71 86 96 104 114 124 136 142 155 162 170 182 197 208 212 221 231 244 257 266 272 286 299 307 311 328 331 342 356 363 377 384 391 407 416 426 435 444 450 462 473 486 495 501 519 523 532 547 555 561 576 581 594 601 618 622 637 646 653 665 671 686 692 703 714 722 736 748 758 769 778 784 798 809 816 

889.554 118.351
2 6 14 

487.136 38.6059
29 0 14 24 30 43 54 66 70 86 93 107 118 120 138 147 151 165 172 187 198 209 211 220 234 241 254 266 271 288 

879.574 305.795
35 0 15 27 39 49 56 66 71 83 95 104 111 120 130 146 159 165 178 188 194 204 219 220 238 241 252 262 272 286 293 302 313 322 332 340 

497.452 709.25
16 7 12 24 39 42 56 62 73 87 92 106 116 124 138 143 156 

805.139 928.587
47 2 19 23 30 42 57 68 76 87 91 109 116 128 135 141 156 166 178 183 191 202 216 229 230 246 253 260 275 287 296 308 311 327 332 344 353 364 375 387 393 401 411 428 434 448 453 462 

90.8841 837.245
31 8 14 25 36 42 55 67 70 86 92 103 113 127 133 144 155 169 177 182 194 202 219 221 235 244 251 260 273 284 296 304 

433.668 950.011
63 0 13 20 32 48 59 66 77 80 98 103 113 120 133 144 154 168 179 184 198 203 215 225 233 247 259 265 273 285 291 305 310 323 336 341 355 363 373 386 398 406 413 428 430 447 455 463 474 483 499 507 512 521 530 540 554 569 575 585 599 603 614 624 

718.986 330.21
45 7 17 25 39 46 52 66 77 87 92 101 111 126 135 141 158 169 179 186 192 203 219 222 234 249 258 263 278 283 293 308 317 321 337 347 351 363 372 381 398 400 414 428 433 443 

130.039 489.395
68 7 14 23 31 44 58 69 76 88 90 104 117 124 138 148 151 165 174 187 193 208 217 221 237 244 254 266 273 288 294 304 317 323 333 347 353 366 378 385 396 408 413 429 433 444 456 468 474 481 499 508 510 521 538 543 554 563 574 581 595 602 616 620 631 646 658 666 675 

91.7997 223.731
77 1 15 22 30 42 53 66 72 86 96 107 119 127 130 143 156 166 179 183 197 206 218 228 230 242 252 261 275 281 299 307 311 323 331 349 353 369 373 383 393 403 418 429 432 444 454 467 479 485 499 508 510 520 537 543 551 564 577 585 593 604 616 624 631 646 651 667 671 686 693 704 710 725 737 748 752 760 

222.968 900.815
85 1 17 27 36 40 55 66 75 86 90 109 112 123 133 140 152 164 172 181 193 206 213 227 233 249 250 262 276 287 299 300 311 328 331 346 354 366 372 386 394 406 419 424 431 440 453 468 477 483 497 505 517 528 535 545 557 561 577 584 592 607 618 626 637 648 654 668 675 689 695 700 711 724 738 749 750 761 772 782 797 805 815 827 832 848 

282.998 398.267
48 1 19 24 34 46 57 65 77 82 91 103 117 121 134 146 151 162 170 180 198 208 212 229 238 244 251 267 275 288 290 300 312 325 336 340 357 360 379 384 390 404 413 428 431 442 457 465 471 

994.69 773.095
46 6 19 29 39 43 57 62 79 84 96 104 113 126 131 148 159 168 175 184 190 200 215 223 237 244 255 265 271 284 290 301 311 326 332 346 351 369 370 381 398 404 418 429 437 441 455 

419.446 990.753
33 1 18 29 34 47 58 66 74 88 93 109 110 124 139 140 150 169 176 185 190 203 211 221 234 245 254 269 276 287 298 303 317 321 

893.307 628.59
7 1 19 20 32 44 51 61 

520.585 68.9413
46 1 17 21 31 47 56 68 76 82 96 105 113 121 134 142 150 164 175 185 190 208 213 229 237 242 258 264 279 288 298 307 314 321 339 340 359 367 378 387 396 406 414 422 438 448 454 

906.064 59.1449
59 6 16 27 35 44 54 67 78 85 98 107 119 122 135 144 157 162 172 182 190 203 212 225 233 241 258 265 270 284 290 302 319 326 333 342 350 367 374 383 398 408 411 429 432 441 451 461 470 486 491 501 512 524 531 546 551 562 573 585 

967.742 593.219
6 8 14 27 30 40 59 

166.204 203.345
26 7 19 24 30 49 50 64 72 88 90 107 118 120 134 149 156 168 174 189 193 206 210 223 238 246 253 

127.079 458.296
89 2 14 21 33 43 50 69 73 82 94 105 110 122 138 143 151 169 178 183 194 202 218 224 239 242 258 269 270 284 293 308 318 321 333 342 351 361 370 384 396 407 417 429 436 445 458 469 473 487 493 507 518 524 536 544 550 568 575 582 591 608 611 628 635 649 657 665 672 689 696 709 717 726 734 742 753 764 775 789 792 801 813 820 832 844 859 864 871 885 

791.284 895.749
57 9 15 29 30 44 59 61 71 84 97 103 115 122 139 144 159 168 176 185 199 206 214 227 239 245 258 264 273 280 296 306 312 325 338 347 355 363 378 381 399 409 411 426 431 443 459 460 477 483 497 503 511 526 536 543 550 566 

46.2661 621.021
69 2 11 26 35 48 56 66 71 89 91 104 119 126 130 142 150 166 178 182 194 209 214 223 238 248 251 267 275 287 295 307 315 325 336 346 356 365 379 384 395 402 415 423 432 443 454 464 471 487 499 502 513 526 535 549 550 560 571 588 596 603 611 623 632 648 657 668 674 683 

59.328 834.834
9 5 18 25 34 49 51 60 77 81 

858.882 282.907
98 8 12 23 30 41 55 69 71 85 98 104 118 127 134 147 154 162 178 185 195 205 217 225 234 249 251 268 275 285 299 302 318 323 335 347 350 366 373 383 398 407 415 422 430 447 457 468 473 484 496 505 515 524 538 543 553 564 574 585 599 607 614 628 635 641 650 667 671 681 697 709 712 728 736 746 753 769 774 789 798 807 817 820 831 849 859 863 872 886 896 907 910 926 939 949 951 962 970 

218.513 548.509
86 3 12 22 33 44 53 62 75 85 96 102 110 126 138 143 158 164 174 182 191 201 219 223 236 247 257 263 272 283 297 306 313 325 330 340 358 367 373 381 392 401 413 420 435 447 456 468 470 485 492 504 519 526 537 547 556 560 576 588 592 604 618 628 638 643 651 663 675 688 692 703 716 724 737 743 752 766 772 785 792 802 819 821 831 847 855 

611.805 260.964
56 4 17 29 37 49 52 66 73 85 93 105 113 120 130 140 159 166 175 184 195 208 211 220 235 246 251 261 276 288 296 308 313 326 333 340 351 360 371 381 399 407 412 427 433 444 455 465 471 488 495 500 514 527 539 543 552 

863.338 635.06
6 3 16 29 31 46 55 

637.196 376.995
31 1 15 24 39 48 52 66 70 85 96 101 118 128 132 140 151 162 170 181 193 201 211 225 232 244 250 264 274 282 290 306 

419.782 907.529
65 2 10 26 31 47 59 60 76 85 90 105 117 123 134 143 151 165 173 186 195 202 216 228 232 242 251 260 270 286 290 306 319 325 336 343 352 360 372 380 398 400 418 429 439 446 457 468 471 488 492 500 518 522 530 548 553 568 575 581 592 600 612 622 639 646 

60.2741 355.968
34 3 18 26 34 42 51 64 72 81 92 106 119 122 136 146 153 163 176 189 196 207 211 223 231 247 257 260 275 284 291 303 318 327 333 

972.167 74.1295
71 5 16 21 30 48 53 69 72 81 90 104 119 127 139 145 153 167 176 184 199 206 212 224 235 249 256 269 275 282 294 303 311 325 336 346 354 365 373 388 393 405 416 425 439 447 450 464 471 489 495 504 518 525 532 546 552 568 571 587 591 609 618 629 631 649 659 668 670 685 690 709 

78.1884 758.477
42 5 14 28 35 41 56 61 75 88 92 104 119 123 132 143 159 169 174 184 191 209 214 225 232 241 251 264 275 287 299 308 312 327 333 344 358 369 370 389 392 405 417 

839.961 165.319
97 9 16 29 38 45 55 63 74 85 99 108 116 124 130 141 151 160 178 186 195 206 217 225 230 245 251 260 271 287 298 305 313 326 334 340 357 366 374 387 397 409 419 425 436 445 457 466 479 488 496 504 518 529 537 549 558 568 579 584 591 607 610 621 635 648 655 665 670 688 692 705 715 727 733 743 752 768 778 788 796 802 810 821 833 843 852 864 877 886 893 900 911 924 938 945 959 963 

102.329 38.7585
86 4 16 29 35 41 59 64 73 84 91 105 112 124 134 140 157 165 173 185 196 204 217 226 237 249 256 264 270 289 295 300 313 322 338 342 359 366 370 380 397 400 419 422 438 443 450 466 471 481 498 502 510 522 533 548 558 562 579 580 595 605 618 624 636 644 659 668 672 681 698 702 711 728 737 742 754 764 776 782 791 806 815 825 838 840 850 

501.999 854.488
5 9 13 20 34 49 

647.206 890.072
80 7 10 22 36 48 51 63 77 87 99 101 113 128 136 147 151 162 173 187 190 204 212 222 238 244 256 268 271 287 292 307 318 320 332 345 358 365 370 380 396 401 415 420 431 446 452 468 476 481 492 507 518 525 539 543 550 562 578 581 594 604 618 621 634 644 656 660 677 687 693 704 719 725 736 744 758 769 774 786 790 

440.382 259.346
35 6 11 22 37 42 59 64 72 89 95 109 116 124 137 149 156 162 172 182 191 209 211 224 238 243 251 267 276 284 291 300 317 328 330 347 

947.691 151.982
70 1 13 24 35 41 56 66 70 85 98 106 112 128 131 141 158 168 172 187 191 202 215 224 233 245 250 268 271 281 297 302 315 326 333 348 358 364 372 382 395 408 419 429 439 449 451 467 479 489 493 500 510 522 534 543 555 567 578 580 591 605 618 621 639 642 651 661 678 687 698 

855.22 574.267
56 3 19 28 33 49 50 62 75 89 99 100 112 126 134 141 158 162 179 188 196 209 219 228 230 247 257 269 271 288 290 305 310 326 335 341 359 363 371 380 398 402 415 423 435 440 459 466 476 487 496 509 515 522 539 541 551 

828.761 968.23
8 9 17 27 37 41 51 62 78 

621.845 297.525
65 5 19 29 30 46 54 69 78 80 99 104 114 124 131 141 157 162 175 186 195 200 218 222 237 247 251 264 277 285 298 306 319 323 332 343 357 360 374 383 396 409 412 424 435 447 455 461 474 485 490 504 518 528 531 546 553 567 579 586 595 602 612 628 633 648 

160.772 154.881
80 9 12 25 30 43 52 66 71 88 94 101 119 120 134 140 159 164 171 180 195 205 211 220 232 243 255 261 271 280 291 300 312 328 338 348 353 367 371 382 391 405 413 426 438 443 450 463 478 486 497 500 512 526 537 549 552 560 574 588 590 606 612 626 632 641 654 667 674 681 695 705 710 722 738 742 750 767 775 782 794 

224.433 850.063
63 1 11 29 36 44 55 63 74 88 98 102 114 128 138 149 157 163 172 189 198 203 210 223 230 244 258 269 270 286 290 303 311 328 330 341 359 363 370 381 395 405 417 422 431 447 457 463 471 484 494 507 510 529 533 549 559 562 575 584 598 603 614 625 

166.509 338.542
97 5 19 20 36 44 52 61 70 87 95 100 118 122 136 142 158 169 172 182 198 200 214 223 238 242 255 269 270 285 297 301 311 325 336 343 359 366 376 386 399 409 416 426 433 441 452 460 472 484 493 506 514 522 532 541 558 562 570 588 596 607 610 628 633 645 658 668 675 688 690 706 714 724 735 749 750 766 772 784 798 806 812 828 837 844 859 864 870 888 893 901 917 925 931 948 958 969 

483.505 381.97
49 6 10 21 39 42 51 69 78 88 96 107 119 129 137 149 151 166 178 180 194 206 219 225 231 242 259 265 274 281 297 302 312 328 338 347 352 363 378 385 399 405 416 420 436 448 453 463 476 489 

4.02844 600.391
10 5 17 20 31 41 56 64 71 86 94 

389.203 904.965
92 2 12 26 38 48 52 68 77 89 97 109 110 124 136 148 159 167 172 181 195 206 217 228 239 249 259 262 279 280 290 307 317 328 331 342 354 362 372 388 399 404 410 425 438 448 457 460 470 484 492 502 517 527 531 544 550 566 573 587 596 607 617 627 630 641 655 668 673 684 696 707 711 728 736 742 753 766 770 782 793 809 811 829 834 849 850 863 878 885 899 905 911 

232.246 50.7523
78 3 19 21 35 45 51 65 73 85 96 102 119 120 133 143 157 166 177 182 196 203 217 225 233 243 259 269 271 281 290 300 313 322 335 349 359 363 378 383 397 406 416 423 430 442 457 462 473 481 494 501 517 524 531 547 554 565 577 582 591 602 615 622 637 640 651 664 672 685 696 707 716 721 738 740 759 760 772 

540.025 472.121
64 7 17 26 33 44 52 63 74 86 93 107 112 128 137 143 157 161 178 182 197 200 218 228 239 240 255 260 275 287 296 301 318 324 335 341 354 361 371 380 396 405 410 428 435 443 457 461 479 484 491 505 518 529 538 544 551 561 572 580 595 600 610 624 632 

111.24 527.421
62 4 13 22 31 47 54 64 77 80 90 106 115 121 135 145 150 160 176 181 194 208 214 220 239 248 250 267 278 280 295 306 313 322 339 346 358 365 373 382 390 406 419 423 437 443 450 463 479 486 491 508 510 529 530 542 555 568 571 582 594 600 618 

400.189 433.088
78 4 14 29 37 43 58 60 77 89 97 109 117 127 131 143 152 161 178 184 197 208 219 221 232 245 255 262 273 282 290 302 313 325 338 348 352 364 375 385 395 408 410 422 432 445 459 469 478 485 496 508 511 526 535 549 555 562 579 589 593 602 619 624 639 645 659 667 675 683 693 707 714 723 733 740 753 762 770 

466.842 339.946
41 9 12 23 32 44 55 63 78 88 93 102 117 129 135 149 151 168 176 188 199 201 212 227 231 249 251 261 271 289 291 303 311 325 331 349 353 368 373 380 394 401 

545.946 729.82
57 1 15 29 33 47 55 67 75 84 94 101 114 124 131 145 151 162 175 184 191 200 211 227 235 249 253 268 277 285 290 302 312 328 332 346 354 362 371 383 390 408 417 428 432 441 450 464 471 484 499 509 511 523 537 546 553 567 

307.016 447.127
15 8 17 28 33 47 56 68 77 85 96 103 116 120 135 144 

224.83 322.428
69 9 18 24 38 48 56 69 70 87 92 101 111 126 139 143 155 167 174 180 194 203 219 224 239 240 256 266 274 281 295 300 315 321 331 340 351 361 374 382 396 401 413 424 436 440 459 461 474 487 494 507 514 527 533 547 557 562 574 587 597 609 615 627 630 647 651 662 676 687 

