865 1315 430 624
5 44 159 234 319 402 

637 1175 95 216
5 69 186 290 350 419 

228 265 662 1625
5 7 173 240 340 457 

503 1201 193 1123
2 46 178 

625 694 584 629
5 61 170 280 322 424 

796 1449 218 541
3 54 171 200 

917 1185 546 730
5 92 119 257 329 411 

922 1380 785 1589
2 77 165 

647 1326 507 831
5 13 142 216 366 407 

130 162 434 1032
2 70 153 

713 756 256 988
1 48 

355 1212 309 925
2 11 190 

203 361 682 802
1 31 

229 511 386 716
3 17 125 238 

783 1180 41 881
1 75 

238 390 230 719
5 57 171 257 313 421 

920 1799 368 641
3 8 145 284 

473 1127 764 1468
3 29 156 287 

767 831 864 1463
4 88 187 247 349 

483 1319 353 453
1 94 

358 603 93 240
3 95 197 238 

681 1295 329 758
1 23 

383 478 882 1555
5 64 161 256 374 466 

603 1236 979 1517
1 51 

774 1742 593 1303
5 21 120 290 397 449 

742 768 287 467
2 97 142 

675 883 371 376
5 71 133 266 315 495 

679 720 490 1206
1 35 

26 877 900 1363
5 72 183 244 329 499 

596 1273 824 1657
4 90 199 227 356 

998 1526 136 658
3 32 115 273 

833 1143 974 1513
3 38 138 284 

744 1388 987 1464
4 26 168 207 387 

251 574 195 805
4 24 106 267 335 

732 1253 695 1175
3 88 103 255 

314 1196 957 1914
3 19 109 278 

574 1310 570 1487
4 91 182 293 358 

399 1165 734 1266
1 6 

976 1208 202 797
1 11 

746 916 499 1011
5 55 166 214 379 425 

22 594 401 942
2 82 130 

201 463 262 1251
1 80 

225 579 52 854
1 6 

69 958 447 808
4 89 141 297 342 

979 1176 993 1257
2 52 150 

138 524 903 1032
5 75 164 274 381 438 

304 678 112 651
5 46 180 247 300 493 

27 549 580 1080
5 35 159 277 304 434 

351 1346 83 1008
2 43 166 

104 224 408 506
3 78 171 207 

595 1462 800 1475
4 68 163 291 368 

468 810 285 725
4 63 135 251 342 

280 937 771 1702
5 23 191 286 312 463 

371 1145 994 1820
3 93 185 227 

241 414 240 536
1 13 

995 1165 418 783
5 17 168 292 330 493 

280 721 256 822
1 55 

208 644 939 1407
1 65 

255 599 588 962
4 45 181 260 349 

688 696 198 1031
3 52 186 241 

900 1263 853 1281
2 66 195 

12 126 89 978
2 83 191 

68 231 948 1516
4 95 169 262 314 

186 982 584 1382
4 66 155 285 330 

404 642 388 1271
1 88 

66 325 748 1200
1 56 

429 682 477 1010
5 80 114 217 378 415 

224 267 239 749
2 70 112 

832 1295 548 1516
1 40 

551 848 309 1107
4 12 162 215 333 

992 1940 681 1177
5 56 126 223 350 488 

303 1117 989 1989
5 18 156 251 342 446 

53 813 838 1264
2 43 153 

512 738 890 1188
2 46 188 

239 1035 391 1055
2 91 151 

816 883 473 853
3 40 182 278 

163 321 189 916
2 9 197 

444 1029 6 408
4 6 117 263 310 

334 1223 718 959
2 5 156 

956 1381 970 979
4 30 133 261 338 

510 1189 920 1571
5 62 150 225 313 431 

184 515 355 962
4 56 107 236 398 

65 544 131 1051
5 52 114 250 348 486 

408 756 616 935
1 27 

553 940 872 1105
4 66 181 230 322 

681 734 685 1187
4 66 142 229 365 

473 1149 378 1343
1 73 

557 1270 600 1297
2 32 128 

642 871 638 1036
5 65 167 247 353 459 

832 1137 367 1011
5 66 175 223 312 487 

376 440 808 1158
5 36 170 266 325 442 

920 1058 778 1380
3 89 109 207 

724 755 515 1137
5 66 172 203 362 470 

296 1038 465 887
5 24 151 207 391 480 

633 1255 845 1668
4 45 154 297 366 

426 1130 169 566
3 52 189 252 

361 539 509 1036
2 81 174 

940 1286 982 1868
2 2 194 

417 591 707 1505
4 77 195 206 341 

10 748 94 694
3 81 179 205 

201 648 385 764
5 40 155 278 395 454 

471 590 178 916
4 43 165 285 379 

521 1000 399 811
1 49 

284 520 93 130
2 24 115 

67 429 960 1233
3 39 116 277 

653 856 378 1190
3 53 162 282 

523 869 989 1554
4 18 160 229 375 

379 1153 132 825
2 91 125 

414 951 263 569
1 36 

447 939 273 1103
1 68 

619 1185 171 666
2 31 151 

468 1151 12 934
5 16 126 220 374 476 

960 1294 281 692
2 81 135 

702 1667 701 1610
1 73 

819 1430 182 1181
2 3 132 

910 1426 171 509
4 39 169 271 356 

649 1114 715 895
4 86 190 229 398 

8 44 431 548
1 94 

787 917 467 904
3 17 133 292 

243 607 55 102
2 73 108 

410 664 923 1187
3 13 191 247 

163 462 823 1038
2 52 171 

692 1092 190 600
1 90 

685 1620 773 807
5 3 190 236 361 491 

817 1253 730 1502
1 97 

193 393 838 1776
1 63 

631 1034 515 774
3 74 183 266 

322 759 324 709
2 46 162 

37 793 616 1222
5 46 191 219 383 400 

728 741 962 1157
1 88 

318 1233 692 1211
2 39 197 

433 606 599 1022
5 5 194 201 319 431 

650 969 19 201
1 85 

511 1153 834 1690
4 87 151 280 305 

585 1289 888 1420
3 72 146 258 

856 1514 580 1228
5 85 128 274 376 423 

826 1203 748 874
1 23 

560 1498 301 476
5 13 185 252 351 418 

685 1416 794 802
1 2 

213 389 829 1689
4 28 100 239 361 

234 710 324 748
2 23 126 

613 1294 316 1000
3 80 194 288 

668 1500 829 1298
2 26 121 

34 198 281 492
5 70 145 256 317 401 

531 1023 918 1686
3 71 153 299 

646 1609 402 1048
5 36 126 284 394 454 

968 1237 340 763
4 54 186 279 389 

881 1296 842 1580
3 38 148 287 

883 1120 1 389
4 41 160 296 387 

225 697 674 1015
4 45 199 273 360 

799 817 699 852
5 43 105 253 336 446 

514 1450 43 978
2 12 141 

209 637 580 963
5 0 167 231 359 403 

662 1205 801 1273
2 46 192 

69 788 57 508
5 41 124 257 360 410 

860 1297 176 439
2 55 177 

331 751 527 687
3 52 138 205 

983 1789 85 231
4 28 198 265 344 

13 891 897 1724
2 66 137 

107 407 745 1099
1 8 

280 965 410 1027
5 84 107 237 318 407 

123 202 108 264
3 13 192 214 

302 565 237 711
5 56 196 201 383 451 

884 1420 620 890
1 56 

481 888 905 1018
4 95 104 292 344 

128 494 741 1292
1 50 

172 821 490 772
3 95 118 295 

205 646 690 977
5 7 145 233 366 457 

571 1438 682 1514
3 19 145 228 

540 998 456 819
2 43 191 

455 1034 866 1138
5 37 100 260 368 446 

790 1597 998 1611
1 9 

800 1584 436 1287
4 42 148 272 369 

786 1483 859 1585
2 95 184 

41 1031 559 1397
4 44 107 206 369 

32 909 321 1149
1 88 

181 405 300 732
1 19 

763 1695 415 1029
1 65 

127 735 648 1408
2 75 109 

33 120 226 303
5 80 197 283 334 455 

700 1171 647 1383
4 65 114 230 385 

84 716 106 925
5 52 143 248 343 475 

17 396 704 840
2 97 105 

621 867 18 1008
1 86 

984 1414 745 1336
1 9 

518 1328 596 1396
4 3 162 239 327 

71 784 881 1488
3 48 135 286 

679 1137 338 1312
1 18 

156 1101 97 512
1 75 

954 1736 249 300
4 75 198 223 364 

236 770 859 911
2 86 177 

500 736 978 1493
4 79 121 210 373 

128 274 409 631
3 13 125 236 

781 1403 959 1243
4 46 132 272 311 

548 1011 272 1159
5 0 103 205 329 454 

425 1223 268 885
3 96 136 233 

965 1947 556 1555
3 84 180 268 

881 1364 274 930
1 81 

677 1434 629 1121
3 10 148 204 

4 356 941 1258
2 60 162 

518 684 839 1489
2 43 195 

911 1876 172 447
1 49 

752 959 707 721
1 69 

866 1819 340 1276
3 62 138 252 

316 1122 561 1236
4 9 184 259 305 

88 593 539 1533
1 91 

313 1258 493 580
5 41 131 200 368 404 

131 568 528 586
1 88 

150 684 895 1815
3 32 164 232 

367 1278 430 912
4 28 116 218 364 

681 1680 485 1445
4 35 142 229 374 

422 518 297 824
1 30 

676 869 353 652
2 36 192 

402 507 383 656
2 11 164 

876 1602 944 1178
5 61 111 291 345 490 

301 690 656 813
4 76 191 260 335 

901 1379 393 1174
3 54 110 261 

893 1066 101 140
1 23 

800 881 15 264
3 38 151 262 

300 677 699 1588
4 13 195 262 358 

575 1157 698 872
4 63 190 252 396 

783 1539 738 1579
1 39 

683 1621 987 1076
1 5 

499 1368 448 1230
5 48 111 200 367 441 

427 607 464 977
2 10 177 

992 1709 77 251
2 1 162 

169 693 837 1760
3 77 114 211 

477 974 430 1188
3 91 101 235 

805 1326 721 1598
5 14 132 225 338 401 

405 751 799 1643
5 4 138 224 343 484 

758 1519 813 1751
1 27 

861 1277 272 1150
1 82 

680 1516 682 1484
5 98 195 217 311 471 

581 1098 406 466
5 21 129 272 301 443 

501 1181 761 1456
1 23 

478 987 120 379
3 60 161 210 

271 1235 948 1508
4 7 159 239 354 

813 1631 223 353
1 25 

444 1312 330 1117
1 90 

816 1650 129 963
3 12 126 260 

777 1188 782 1118
5 88 185 246 375 438 

294 684 333 966
3 59 166 202 

636 1586 477 540
2 0 123 

881 1024 670 1413
4 65 121 234 386 

501 578 764 1058
1 4 

120 990 703 1374
5 32 199 245 394 433 

293 732 466 859
5 62 164 293 305 417 

658 1028 196 698
4 6 136 212 323 

533 1407 265 569
5 85 136 296 307 452 

521 856 49 823
4 42 148 268 350 

679 1223 541 995
1 51 

869 906 391 1244
1 84 

127 480 510 1435
4 0 106 212 303 

560 789 860 1354
1 17 

584 1253 46 72
4 95 173 228 347 

99 640 437 1171
2 31 175 

688 1273 941 1514
1 42 

76 1026 875 1337
3 10 170 207 

177 296 361 1035
5 59 175 297 351 421 

587 595 142 491
2 79 147 

227 528 749 1018
4 44 101 260 346 

187 322 901 1282
1 2 

629 1109 554 819
4 5 108 296 367 

660 1206 822 1591
2 21 114 

65 1056 156 804
1 52 

73 916 912 989
1 29 

750 1372 215 407
2 91 154 

87 312 801 1561
2 83 133 

217 705 546 1539
3 60 111 278 

407 885 265 1240
1 45 

282 420 52 616
4 45 149 281 337 

624 1068 662 1135
2 82 179 

14 959 114 702
4 21 179 254 340 

722 1049 848 1512
1 86 

745 1234 572 970
1 82 

832 1283 69 871
1 51 

919 1678 273 776
1 9 

13 652 882 1067
4 59 120 233 362 

305 1081 719 1516
2 3 141 

510 692 802 1031
3 42 110 270 

882 1614 423 458
4 83 101 206 340 

307 543 19 767
1 5 

436 531 856 1236
1 29 

350 1253 646 940
4 7 122 240 385 

346 1116 59 183
4 1 136 289 340 

43 889 994 1218
1 1 

47 634 752 1047
5 56 122 239 319 419 

733 1680 197 945
2 80 143 

613 1594 196 247
3 98 165 256 

737 1622 192 652
5 82 150 247 358 450 

450 1308 977 1832
1 17 

186 955 477 1427
4 80 123 247 305 

390 900 58 216
1 0 

519 1259 788 955
2 58 187 

734 1545 242 368
4 64 119 283 341 

768 795 639 982
2 10 199 

610 814 903 1308
1 45 

120 572 167 1023
3 39 193 258 

457 669 293 397
5 97 146 222 365 447 

190 318 851 1780
5 52 190 211 379 449 

550 911 71 1000
4 15 160 208 384 

889 1048 776 1032
1 35 

704 1289 54 101
2 8 161 

528 557 967 1117
3 6 120 291 

704 1431 39 329
4 47 191 298 305 

58 262 879 1834
1 95 

269 1166 555 1395
2 58 157 

147 902 731 1233
3 78 111 254 

845 1701 55 569
1 19 

113 903 332 663
1 89 

76 825 391 1266
3 71 180 269 

397 963 51 535
4 64 139 215 306 

681 1506 264 285
4 34 128 234 339 

587 1056 297 323
4 88 134 228 399 

557 838 664 1456
4 99 162 243 324 

647 857 493 1468
5 88 188 255 306 437 

280 502 786 1319
3 46 155 238 

596 1010 197 578
4 87 112 214 397 

862 1639 529 1465
3 8 153 231 

22 178 427 1050
3 38 146 257 

213 360 306 393
1 13 

706 961 690 1170
2 8 114 

467 961 531 1248
1 57 

44 843 302 602
4 2 190 280 322 

804 1566 28 961
2 34 170 

943 1198 620 625
1 80 

581 767 74 350
4 56 127 222 337 

434 1367 871 1036
3 11 164 210 

265 301 569 1493
5 7 166 221 391 453 

475 607 460 1182
2 66 166 

906 1169 264 964
3 74 137 241 

449 790 303 357
3 22 120 289 

563 1296 947 1000
1 19 

576 1374 386 1204
2 7 134 

638 1219 179 456
2 54 166 

129 835 145 299
4 4 102 266 303 

701 1686 925 1575
1 66 

846 857 122 1041
1 0 

606 1571 759 1496
5 99 123 204 305 495 

610 673 283 896
1 71 

656 1043 425 1068
4 21 104 289 355 

583 1133 730 1511
5 54 162 291 365 443 

275 532 624 1620
2 42 195 

929 941 15 263
3 79 104 218 

694 974 913 1022
4 59 115 279 348 

702 836 981 1918
5 76 167 292 335 474 

875 1262 894 1291
3 2 139 211 

649 1263 796 1273
3 14 177 270 

944 1904 920 1394
4 43 184 225 334 

668 823 349 479
5 96 148 299 348 476 

160 502 482 685
4 75 142 245 320 

897 1337 731 1061
4 40 146 261 358 

11 249 868 1208
2 68 118 

652 1383 739 1708
3 29 189 205 

477 649 227 898
3 12 102 239 

39 644 707 1232
1 76 

794 1562 870 1146
1 13 

907 1023 366 645
1 14 

674 1559 572 879
1 65 

310 555 908 1211
1 4 

123 179 898 1613
1 95 

567 671 340 935
4 68 121 246 335 

254 751 810 1590
4 14 190 233 346 

211 930 723 1050
3 61 153 257 

480 955 305 701
3 52 198 258 

837 1473 776 977
5 89 182 223 354 450 

352 779 504 1217
2 49 134 

970 1204 352 1308
1 85 

272 1035 825 863
1 41 

473 1352 936 1260
1 11 

429 639 634 1564
2 20 118 

357 911 150 597
3 8 174 207 

467 966 833 1129
3 43 171 287 

741 746 541 1518
2 93 152 

895 1077 759 865
5 47 132 255 354 462 

23 554 630 655
2 61 169 

527 1316 86 481
4 96 160 298 310 

667 1030 443 799
3 26 130 257 

564 738 387 853
3 69 153 244 

131 615 399 1103
4 37 154 218 327 

435 1340 603 823
2 8 171 

534 1159 299 648
1 63 

979 1232 374 1307
4 2 139 287 328 

455 1173 680 1073
2 44 196 

441 665 226 889
1 61 

254 558 858 1524
2 20 167 

678 1384 130 996
1 20 

734 805 903 1378
5 79 119 266 363 486 

710 1367 777 1143
1 10 

152 957 399 1379
4 76 168 265 300 

177 332 84 628
4 78 119 294 326 

836 1656 24 1019
5 72 199 229 386 411 

440 820 737 1619
3 10 108 266 

822 1097 699 1190
2 91 175 

250 916 815 1016
3 62 105 256 

289 861 445 453
2 28 101 

859 1665 921 981
4 89 186 259 313 

809 1526 20 572
4 0 178 295 363 

746 1706 825 1611
4 55 148 264 318 

591 1208 901 1584
3 30 195 243 

796 1666 426 1020
5 54 102 233 397 491 

987 1211 210 570
2 81 105 

369 674 315 675
4 85 100 246 317 

807 1705 619 779
3 44 172 291 

494 1183 150 353
5 71 146 228 355 440 

159 1065 943 1190
3 51 112 224 

238 265 819 1759
1 36 

567 573 977 1735
5 44 153 235 311 418 

800 1046 456 662
5 41 149 234 337 461 

602 1308 673 910
3 29 116 229 

262 765 694 837
4 38 196 200 361 

241 766 270 1040
2 40 137 

941 1905 16 836
4 84 123 275 393 

667 1004 591 881
5 21 171 274 341 480 

777 1460 397 669
5 64 124 293 300 406 

22 258 515 911
4 81 194 269 308 

634 693 483 1406
1 61 

402 629 149 470
4 56 121 293 377 

8 617 392 527
5 20 108 240 349 414 

710 1466 899 1505
4 78 149 290 374 

0 480 168 267
2 3 131 

601 945 863 1363
1 11 

168 810 772 1037
3 81 115 230 

315 494 344 925
5 62 113 253 387 415 

980 1781 26 587
3 4 144 272 

966 1391 58 767
1 46 

6 955 726 1368
5 43 180 285 360 466 

193 320 403 710
2 31 166 

633 1458 468 1241
5 74 138 287 344 454 

318 908 669 1554
5 80 171 246 345 417 

59 736 920 1909
1 62 

345 1335 918 933
3 62 107 241 

515 1351 179 567
1 38 

623 1354 593 1146
4 90 117 252 323 

546 1036 659 1225
2 31 107 

946 1390 350 403
2 91 106 

151 354 28 178
1 13 

573 1148 35 657
4 73 160 278 333 

139 784 623 925
2 50 121 

68 795 785 1348
3 48 162 253 

525 1129 773 1296
2 7 176 

4 564 289 1170
5 20 183 203 395 440 

708 891 125 835
4 52 139 271 390 

358 476 667 1543
4 96 131 270 368 

239 1182 116 259
5 35 119 244 305 451 

338 966 999 1344
2 89 151 

123 360 272 687
2 86 130 

531 646 796 1172
4 62 135 208 393 

745 1482 766 1196
3 19 159 231 

765 1480 454 1294
3 61 185 262 

222 1184 301 1270
1 22 

766 1762 153 920
2 22 146 

407 542 95 998
4 47 130 242 382 

592 1217 682 1003
5 19 149 257 357 454 

711 1005 949 1617
2 19 100 

367 1095 841 970
5 54 101 212 395 497 

850 986 693 1659
5 45 144 276 355 401 

462 817 927 1687
3 13 149 203 

936 1908 472 1203
3 41 170 222 

196 1124 917 1498
1 65 

201 827 250 451
2 45 154 

744 1292 449 528
1 76 

610 1159 881 1446
3 54 132 293 

386 1145 523 784
4 50 148 260 304 

192 895 42 140
5 40 111 292 324 445 

921 1447 61 485
3 94 159 222 

910 1776 783 791
1 34 

778 835 515 1308
4 42 185 254 334 

66 842 847 1661
3 4 183 256 

157 186 96 493
2 68 127 

666 1036 447 777
1 36 

229 1062 776 1293
5 7 106 208 388 492 

496 991 959 1043
3 5 121 276 

259 344 948 1833
2 50 139 

626 745 542 1511
3 25 136 219 

78 441 737 1623
3 12 183 278 

388 697 93 409
2 87 162 

26 959 341 1029
3 56 114 298 

713 1451 827 1284
5 19 199 299 362 431 

646 1219 249 1031
5 15 142 269 304 485 

561 704 913 1871
3 79 150 254 

956 1417 561 1273
1 5 

744 1193 231 894
1 20 

821 1236 477 1150
3 40 155 255 

112 912 553 672
3 96 153 290 

26 137 101 126
2 64 119 

396 804 47 375
1 30 

806 1804 104 1049
5 39 139 215 395 417 

400 1065 706 1534
2 29 136 

543 1382 608 1320
1 97 

378 727 37 704
2 37 198 

664 1189 200 633
1 52 

443 831 69 240
4 86 113 287 318 

137 1000 890 910
3 49 159 275 

80 480 813 1190
1 45 

431 752 686 903
2 41 109 

583 1295 500 880
3 43 197 223 

207 456 27 889
5 22 115 263 346 434 

291 1216 675 1241
2 9 160 

824 1698 287 1022
5 7 152 290 336 448 

741 1727 828 1165
4 29 156 293 349 

196 578 610 1349
4 1 146 207 300 

210 1140 927 975
1 35 

968 1875 138 831
4 52 116 207 338 

514 1234 188 805
2 2 140 

786 936 287 1062
2 56 105 

91 820 0 254
1 92 

383 910 849 1485
3 14 174 280 

409 631 330 901
4 0 187 224 391 

518 1175 260 869
1 25 

873 1827 273 822
3 95 161 242 

889 1642 434 1220
4 29 156 279 376 

44 407 535 677
1 85 

150 595 299 784
4 31 188 287 362 

761 994 505 1306
5 30 194 254 382 413 

557 1276 450 1232
5 14 154 278 399 407 

523 1271 648 1295
4 72 157 224 358 

434 726 536 633
3 50 131 258 

105 815 187 815
4 90 116 223 387 

467 1071 602 1077
2 95 191 

458 988 385 730
5 4 183 274 374 431 

677 882 987 1618
4 83 143 289 311 

760 1471 541 1525
4 27 164 285 360 

469 785 545 640
5 22 169 236 395 405 

427 1208 163 330
3 37 134 220 

21 708 529 1276
2 76 197 

426 982 811 1575
1 82 

656 1531 201 245
3 83 189 241 

699 1237 653 831
4 81 117 265 333 

279 1245 845 999
5 21 173 289 380 446 

764 1568 958 1746
3 70 142 264 

563 1265 942 1560
1 70 

896 1312 616 1461
2 99 188 

914 1659 459 1397
3 55 117 201 

429 918 840 1187
2 58 113 

618 784 429 1213
1 13 

291 947 984 1494
3 7 191 256 

743 1332 493 652
3 5 175 226 

879 1874 570 652
2 97 197 

772 808 471 517
2 70 154 

361 969 512 727
3 96 199 254 

320 513 431 556
5 27 120 287 336 417 

451 1032 863 1317
5 11 149 278 355 496 

931 973 169 720
2 12 113 

766 1731 695 1024
5 82 169 204 308 406 

302 1215 734 1667
4 7 192 248 368 

72 101 666 1043
3 21 106 286 

476 627 956 1417
5 12 124 257 309 470 

988 1164 562 762
4 54 182 249 336 

123 762 545 1251
1 99 

136 982 172 1059
2 19 112 

744 1463 896 1748
3 78 180 288 

254 970 288 887
5 54 102 273 323 449 

422 997 61 178
5 63 162 298 344 440 

977 1873 271 757
2 26 183 

525 1407 23 312
4 49 199 221 398 

780 1372 346 512
1 64 

731 764 615 1524
4 58 169 226 393 

789 793 882 887
4 54 127 225 353 

308 905 517 558
1 37 

467 1038 491 1380
4 59 189 232 300 

537 839 185 595
5 65 108 214 303 410 

203 256 931 1506
3 58 117 274 

211 1201 169 893
4 66 116 256 389 

227 667 598 1540
4 37 170 275 362 

999 1670 644 782
4 38 132 221 301 

213 240 454 1314
5 43 173 219 375 433 

795 1030 526 1251
3 5 117 249 

38 318 203 471
5 14 175 247 349 493 

120 590 241 1018
4 52 149 232 378 

492 1447 56 976
2 24 165 

810 1738 612 1589
3 34 144 249 

3 780 433 502
3 73 173 213 

744 1517 918 1777
1 54 

211 867 388 412
4 41 144 293 326 

748 1492 821 1707
4 71 147 289 301 

32 979 886 1733
1 88 

131 982 853 985
3 93 162 272 

41 428 180 576
4 82 146 215 305 

533 1516 95 1069
4 50 153 273 360 

103 322 268 1021
4 6 178 268 352 

465 634 722 1118
3 5 183 269 

360 420 243 268
4 34 162 207 360 

291 870 496 824
5 22 194 291 365 473 

537 588 366 734
3 51 136 233 

343 1294 601 1146
5 67 188 240 355 465 

979 1536 425 454
4 21 164 253 381 

982 1352 161 313
1 73 

757 1737 715 1594
4 54 138 233 349 

259 759 836 1396
3 8 158 298 

610 1414 597 766
4 5 119 299 370 

710 1330 353 367
3 58 106 237 

351 417 400 1179
3 98 181 245 

384 1012 240 530
5 22 113 293 391 442 

646 1384 408 1009
3 87 108 289 

150 1138 501 1037
5 56 184 258 328 444 

201 1052 41 927
2 70 142 

902 907 110 185
3 15 141 225 

399 1152 720 954
5 85 151 200 392 418 

925 968 784 1379
4 70 104 211 336 

541 1083 708 1509
5 87 168 299 326 480 

541 999 22 490
5 30 141 216 349 464 

111 942 63 747
5 1 161 209 380 490 

487 1168 970 1879
3 38 184 268 

248 846 220 899
2 51 123 

813 1424 491 1401
5 47 148 284 384 412 

346 379 824 1561
4 70 154 204 311 

558 1201 396 1128
2 21 175 

927 1916 786 1145
2 7 130 

340 1147 193 212
1 12 

286 1105 392 410
5 95 177 230 351 429 

660 798 388 923
2 52 102 

234 710 613 1020
3 62 159 278 

124 376 281 707
1 85 

524 699 649 1570
4 27 160 238 367 

291 1017 1 404
1 78 

478 1340 451 1167
4 61 131 213 383 

810 1616 984 1585
1 18 

587 1220 271 875
2 64 190 

516 646 916 1554
3 75 197 256 

199 1093 176 722
4 84 101 240 362 

84 221 810 1494
3 67 116 263 

933 1932 70 524
1 76 

139 275 12 820
4 5 192 270 362 

61 165 836 849
1 46 

371 977 76 1017
5 40 136 267 348 462 

492 831 211 1004
2 91 132 

100 902 515 695
5 27 134 292 318 456 

193 949 31 150
2 62 142 

96 502 865 1833
3 46 131 274 

453 1407 238 1037
3 62 123 214 

809 1058 935 998
3 15 129 200 

50 468 733 1592
3 36 128 215 

254 1223 917 1002
1 35 

952 1518 971 1272
4 44 115 268 366 

201 433 650 1599
4 49 158 260 390 

394 419 842 1151
2 18 142 

797 1228 19 34
5 76 101 202 319 414 

194 1037 437 608
4 93 116 288 356 

363 569 764 1136
5 41 141 202 353 454 

469 1365 564 1497
5 11 183 246 399 462 

58 954 828 1648
4 46 147 237 392 

960 1432 308 366
4 20 145 290 352 

665 798 44 205
2 17 142 

39 118 333 460
5 37 113 252 393 407 

959 1320 794 956
5 67 105 224 373 449 

730 941 586 1473
5 77 128 225 309 471 

414 955 143 173
1 41 

415 1202 902 1803
5 86 125 210 365 460 

186 532 362 1162
5 90 193 224 349 464 

504 610 340 622
2 36 132 

413 625 495 1099
1 80 

530 556 806 1333
1 36 

730 864 349 727
4 87 125 282 303 

645 859 338 678
3 86 178 264 

577 728 934 1033
3 11 187 274 

794 1249 562 856
2 54 101 

742 1435 62 783
1 41 

577 872 845 1717
2 73 108 

830 1066 624 1554
2 66 164 

755 1069 57 295
4 18 133 237 370 

729 1336 965 1702
3 66 119 260 

692 1137 587 636
4 34 154 296 301 

844 998 202 1035
2 14 196 

483 1078 567 690
4 40 130 201 392 

286 559 305 1262
3 58 110 215 

621 716 340 1097
5 66 136 263 321 476 

677 1325 865 926
2 58 125 

259 917 526 1068
3 70 198 291 

966 1279 910 1643
3 23 195 252 

277 871 830 1010
4 59 127 247 303 

819 1649 820 1715
1 41 

930 1123 637 1520
5 47 177 295 324 488 

591 1339 763 1568
4 20 125 297 342 

311 417 198 507
3 86 141 296 

203 725 588 1499
2 38 110 

118 383 67 470
3 10 169 212 

12 432 16 908
1 88 

405 1257 396 1130
2 31 182 

91 632 530 779
1 55 

798 1537 681 1101
3 91 152 231 

935 1652 207 363
5 12 100 229 378 499 

438 1374 97 397
4 98 155 234 323 

663 1206 678 869
1 64 

874 956 224 1102
3 49 138 267 

52 381 457 1248
4 51 169 261 316 

616 1088 429 529
4 90 196 268 354 

882 1532 367 634
3 70 181 243 

478 925 773 1490
1 32 

634 785 723 1512
5 99 125 252 388 439 

382 388 580 1036
4 36 176 267 337 

355 584 622 1137
2 13 105 

823 1728 681 1154
5 20 165 296 318 472 

605 624 991 1736
3 70 143 215 

493 1297 387 1354
4 86 117 296 342 

666 1544 799 1704
3 42 191 218 

662 1218 330 1130
2 49 180 

684 865 78 958
4 74 178 282 332 

293 515 61 643
3 81 109 200 

829 1808 541 1421
4 95 180 292 349 

915 1361 742 1585
4 47 187 278 334 

383 1045 326 614
3 55 104 242 

815 875 649 924
2 57 136 

408 537 914 1381
5 41 114 294 302 499 

723 1711 640 1578
3 64 164 230 

617 1061 719 1227
2 5 166 

267 710 876 923
5 4 163 255 358 473 

174 424 211 877
5 29 139 290 378 439 

318 1018 577 645
3 76 112 229 

4 912 155 897
1 19 

914 1278 128 635
1 0 

113 118 423 1021
3 65 101 271 

797 1173 672 893
5 2 118 207 357 416 

230 1017 107 1013
2 72 169 

669 760 201 1182
3 18 186 256 

778 1343 444 600
2 31 169 

849 984 333 1114
5 79 174 209 365 431 

69 907 31 391
3 94 179 222 

373 452 96 736
2 17 131 

284 1107 309 1107
3 86 186 227 

570 971 729 1641
2 94 187 

901 1508 972 1747
4 42 196 272 371 

792 1164 596 999
4 44 125 233 330 

60 549 352 992
2 82 107 

644 831 554 1211
2 81 192 

149 959 892 1594
4 34 156 261 397 

552 1420 899 1328
5 8 171 272 312 419 

358 1010 934 1740
1 81 

205 849 55 292
2 96 129 

245 706 420 1152
2 51 158 

249 607 722 1241
1 33 

775 1648 678 1418
2 43 174 

592 1571 793 1422
1 82 

129 707 347 845
2 36 105 

671 1461 591 850
1 6 

380 516 214 602
2 41 162 

151 247 310 810
3 64 138 243 

526 833 64 695
4 75 146 237 341 

976 1638 833 1240
4 52 167 295 367 

563 1552 179 523
5 96 150 201 341 461 

75 785 749 1383
1 20 

136 857 211 294
4 55 115 210 329 

763 1084 594 677
4 74 177 254 327 

773 1717 169 235
2 68 172 

738 1052 427 649
5 74 136 298 343 494 

776 1045 8 609
2 37 161 

450 1132 930 1101
1 10 

306 1039 154 738
3 60 110 232 

256 1248 138 392
5 95 172 252 387 480 

23 939 903 992
4 65 133 283 362 

951 1286 311 980
5 65 127 249 307 430 

43 444 622 1154
1 69 

664 1417 64 549
3 57 195 294 

867 1218 991 1149
1 78 

369 523 386 459
3 72 179 289 

252 344 607 1318
2 33 161 

282 287 628 1011
5 81 177 206 342 472 

613 1156 527 676
5 1 146 246 305 448 

982 1050 113 364
3 35 156 284 

392 553 602 672
4 52 179 242 359 

966 1511 308 1138
1 22 

702 1123 728 1178
4 66 127 234 376 

738 1502 396 1318
1 23 

791 1345 129 1129
4 27 169 252 359 

320 429 849 1019
4 49 119 241 346 

148 553 792 1163
3 80 195 223 

379 871 284 412
3 85 153 271 

537 602 290 501
5 64 148 277 395 421 

259 566 420 778
1 23 

127 709 626 860
2 57 125 

816 826 900 1695
2 32 141 

669 1610 601 1503
1 86 

184 421 429 874
1 81 

878 1381 173 435
3 24 173 206 

176 318 232 1199
3 31 196 205 

805 1183 991 1191
3 42 167 220 

672 861 620 1353
4 38 155 230 383 

221 842 914 1834
4 66 126 258 338 

697 1497 579 1065
2 92 150 

740 1253 519 1277
3 85 138 247 

843 1519 839 1589
4 0 172 218 352 

993 1416 108 1067
5 92 111 264 377 467 

570 1247 817 869
1 44 

899 1181 225 1053
1 74 

805 1409 247 310
5 7 155 215 354 409 

668 908 345 578
3 57 132 224 

994 1866 362 1141
5 8 164 234 372 484 

472 903 757 976
2 53 111 

329 449 367 1106
5 84 103 241 343 455 

846 1546 245 1155
4 15 163 223 347 

946 1335 154 207
5 81 133 237 368 461 

128 265 995 1380
5 86 195 279 359 439 

652 1649 77 295
5 84 117 284 392 483 

28 1007 198 993
1 33 

696 1209 612 1034
5 30 149 256 307 459 

852 1620 909 1874
4 83 197 247 321 

303 864 570 1363
2 89 186 

726 874 304 330
5 41 100 237 359 465 

490 549 697 1547
5 37 129 258 324 410 

571 1002 580 1348
4 47 192 234 395 

461 620 286 463
1 58 

152 201 469 1159
3 27 197 218 

413 1375 8 472
1 78 

320 741 373 969
5 94 110 216 330 478 

82 125 356 452
2 7 100 

857 1843 992 1397
4 36 179 290 333 

698 1651 656 892
1 53 

124 497 412 521
3 41 118 292 

214 1075 552 593
1 48 

588 1148 524 919
2 37 127 

66 193 149 877
3 23 107 214 

627 1048 643 1430
5 25 115 295 311 420 

70 309 40 294
4 40 145 211 375 

574 1534 443 1276
1 29 

78 860 804 1785
1 50 

924 1885 297 749
2 22 174 

76 576 6 171
4 22 192 296 367 

191 891 209 754
1 82 

134 752 269 433
5 60 161 288 300 400 

929 1698 603 851
4 2 164 278 335 

912 1699 494 1289
1 99 

864 1252 668 1261
3 26 182 226 

991 1786 994 1182
3 19 167 217 

898 1697 804 1077
5 54 139 299 330 466 

831 1637 388 1084
3 12 113 212 

197 1020 115 711
1 74 

306 888 700 1054
5 73 186 201 307 493 

501 863 68 342
1 87 

732 1517 213 445
4 13 165 224 341 

578 1290 284 678
3 76 107 275 

88 425 464 1217
4 11 108 284 341 

809 1392 942 1346
1 39 

407 718 257 448
5 42 121 259 365 490 

849 1332 408 705
5 53 170 262 310 425 

598 1177 143 241
4 62 126 231 304 

663 873 873 1077
4 79 163 281 360 

588 1302 592 976
2 4 179 

497 709 512 728
3 45 128 218 

713 793 965 1682
5 98 156 295 382 486 

135 497 667 1575
1 93 

286 949 182 705
1 4 

93 733 895 1356
5 60 129 279 349 472 

680 998 812 1549
1 91 

60 595 934 1572
1 41 

978 1900 670 1523
3 7 133 245 

152 335 578 603
4 74 115 216 361 

899 1683 397 862
3 6 183 246 

916 1117 978 1884
2 5 130 

757 1475 301 1031
3 87 139 239 

905 1441 711 889
2 5 141 

477 1290 409 1226
1 32 

151 570 869 1054
1 52 

490 1185 629 828
1 63 

39 337 373 1089
3 72 176 224 

185 710 819 1301
2 75 135 

339 1134 882 913
3 71 126 292 

384 635 44 156
3 35 155 201 

653 965 275 475
3 92 108 285 

779 1311 241 783
1 43 

733 838 529 1382
2 79 169 

6 147 41 875
4 24 153 204 310 

846 958 674 920
2 4 170 

605 1369 582 1427
5 70 176 222 377 401 

117 613 136 933
1 94 

448 1090 699 1016
5 27 135 276 317 405 

15 522 697 1419
1 6 

394 979 110 793
3 6 163 203 

116 914 273 853
3 79 160 211 

89 371 268 1045
1 43 

17 589 786 1659
3 53 140 248 

93 440 745 839
3 86 157 262 

319 437 873 1157
1 51 

687 1628 808 853
1 16 

676 1298 822 1433
3 8 176 225 

354 1207 428 1034
5 67 152 244 385 474 

43 686 763 1458
3 17 168 279 

65 482 375 470
3 33 112 251 

279 673 132 420
3 43 143 298 

803 1640 933 1126
2 30 103 

164 1131 166 1159
2 41 196 

84 402 358 1316
1 72 

766 897 916 1048
3 35 189 252 

691 897 260 408
5 9 155 289 314 446 

362 1195 752 1227
3 67 136 255 

957 1317 356 665
1 3 

459 1329 955 1672
5 42 162 228 301 432 

212 1033 330 903
2 39 177 

226 951 817 1596
4 88 175 249 300 

668 1454 373 402
2 22 191 

83 406 758 1338
2 47 146 

431 1144 220 1149
4 33 190 265 344 

336 1146 783 1189
5 51 102 287 333 457 

737 905 335 820
2 14 175 

64 371 804 1279
3 87 170 204 

71 919 905 1685
1 3 

430 1180 794 1421
5 7 118 230 386 435 

483 1309 412 440
1 52 

412 1068 486 822
4 68 184 205 306 

102 442 113 192
4 92 133 287 373 

879 1515 674 897
1 25 

317 700 667 948
5 25 194 260 334 429 

451 1433 651 710
5 38 196 272 352 491 

657 1587 898 1147
2 52 123 

561 1374 89 829
2 86 126 

384 1184 700 838
2 44 162 

110 191 309 1295
5 55 130 254 347 467 

241 364 881 1709
3 42 102 275 

548 628 100 513
4 92 118 203 337 

471 995 635 932
4 50 149 278 371 

977 1129 707 1042
2 32 149 

401 817 795 1087
1 38 

306 511 610 1113
5 32 103 216 315 446 

148 611 657 1647
1 65 

161 370 337 1036
5 71 186 200 314 465 

174 929 321 681
4 81 181 266 324 

592 776 444 764
3 1 139 283 

355 477 370 493
5 72 152 294 399 473 

470 1031 62 405
5 1 175 202 395 477 

923 1743 61 221
4 46 138 273 361 

701 1392 748 1472
2 99 139 

415 583 17 754
3 67 162 203 

764 1296 454 1313
5 73 179 284 356 433 

350 881 372 1330
3 27 137 278 

837 1661 435 822
3 90 139 218 

943 1250 509 1420
1 62 

391 1018 400 538
1 47 

308 559 612 704
2 73 157 

801 916 514 1420
1 8 

876 1131 674 1478
5 45 125 262 360 401 

637 1024 519 1247
2 29 146 

26 399 353 370
5 84 107 268 359 433 

59 655 603 1469
1 92 

291 905 121 1081
2 70 139 

306 581 360 1055
3 32 149 234 

842 1277 75 207
2 87 197 

367 1115 776 1763
4 64 105 223 323 

829 1607 698 1674
3 81 104 261 

832 851 529 1110
1 62 

480 1410 163 1069
1 36 

244 829 169 1103
2 93 164 

961 1644 856 1371
3 73 165 298 

918 1407 24 250
4 11 178 269 324 

344 1325 990 1119
4 65 148 210 318 

286 420 136 731
5 78 181 242 336 423 

275 1258 395 1120
1 19 

541 1072 241 1003
3 15 122 293 

287 324 171 516
4 71 136 216 340 

308 1246 101 1032
5 12 135 296 358 482 

270 326 394 1392
4 13 198 287 351 

721 759 515 903
4 9 160 296 366 

144 556 640 1402
1 22 

40 492 236 702
2 90 114 

688 1016 293 1191
1 62 

288 1162 487 1458
1 83 

618 1486 740 755
4 49 164 228 342 

960 1861 670 1248
4 7 108 228 311 

540 788 390 458
5 31 125 247 390 421 

536 1117 323 666
4 35 134 222 362 

189 1053 959 1909
2 78 184 

978 1314 715 1520
1 75 

907 911 106 884
3 4 105 206 

838 1799 425 693
5 74 183 232 377 419 

717 833 456 669
2 25 123 

637 1269 755 1335
4 70 160 255 315 

223 256 641 1201
5 76 162 206 345 461 

717 1632 869 933
4 89 108 275 327 

103 193 802 1162
1 38 

38 994 6 59
2 48 146 

818 1141 726 1080
3 86 188 296 

273 1118 428 1036
1 58 

200 238 478 511
4 57 117 206 353 

283 311 722 1309
5 52 105 257 346 465 

118 1027 845 1134
3 85 121 255 

878 1701 368 1201
1 85 

959 1624 432 552
2 45 101 

971 1967 288 1151
4 87 183 269 320 

87 119 108 426
2 70 186 

253 756 327 837
4 22 137 292 363 

674 1672 38 638
4 82 115 251 323 

539 734 48 199
5 94 179 238 349 460 

503 1174 12 146
2 79 187 

232 1103 400 862
4 25 159 205 395 

710 1222 251 264
2 3 127 

669 1101 705 1390
1 47 

19 126 894 1730
5 58 138 297 387 433 

455 884 575 1254
4 5 150 276 325 

530 1198 749 834
4 30 161 289 338 

46 884 851 1424
3 90 143 269 

833 1763 95 521
3 16 138 214 

859 1070 67 133
5 95 173 291 314 486 

959 1541 320 597
1 45 

171 697 679 1385
4 81 157 249 350 

691 1487 200 807
5 21 159 271 356 461 

878 1214 905 1869
3 88 120 294 

108 927 636 1518
5 88 184 225 368 462 

888 890 403 1154
2 30 106 

737 1401 428 682
5 25 144 216 386 478 

168 1106 928 1380
2 98 124 

201 368 721 1232
5 63 119 269 314 423 

78 123 82 907
4 0 110 299 338 

