81 88 76 79
5 47 171 261 339 457 

663 666 454 462
5 76 183 217 367 468 

918 920 522 530
1 8 

658 666 848 853
1 7 

163 165 953 961
2 71 150 

102 104 631 632
5 56 185 200 374 486 

396 400 218 220
1 37 

815 816 683 689
1 1 

24 26 307 315
1 14 

625 633 861 863
3 50 120 251 

713 722 939 941
3 22 128 214 

495 502 20 22
2 13 125 

777 787 654 656
2 68 161 

524 533 361 366
3 72 178 266 

5 13 877 878
2 24 178 

387 396 115 119
4 27 141 244 355 

678 680 565 568
5 67 146 205 355 457 

776 784 438 448
5 5 190 297 305 458 

770 774 800 809
5 99 118 266 393 434 

223 232 312 313
3 75 155 285 

533 540 221 226
3 68 193 234 

586 590 769 771
2 71 158 

237 243 543 544
3 69 197 258 

774 784 992 995
4 23 163 298 397 

885 886 280 289
1 22 

282 283 523 525
1 91 

738 741 483 492
5 78 125 273 321 409 

137 141 810 814
1 60 

59 67 530 535
5 79 180 279 320 411 

657 663 415 422
3 57 110 217 

836 841 31 32
2 47 148 

835 837 265 273
2 40 127 

202 208 863 872
2 90 130 

460 462 509 511
1 82 

664 672 711 719
4 14 149 201 311 

227 234 341 345
2 75 174 

641 650 983 984
3 16 183 284 

839 841 316 323
4 44 164 204 389 

765 767 888 896
1 64 

168 174 850 859
3 1 146 289 

220 223 135 137
1 15 

182 188 545 546
4 75 118 242 363 

897 905 440 444
3 88 172 248 

338 347 832 842
4 29 109 207 331 

606 611 117 118
2 18 160 

208 211 190 194
5 83 166 216 311 473 

971 972 887 893
5 35 170 201 311 446 

887 894 567 575
5 78 187 219 380 433 

329 339 178 184
2 81 143 

382 389 225 232
1 68 

73 83 430 437
4 0 199 271 390 

38 42 6 7
5 82 187 229 358 493 

440 449 535 538
5 63 144 243 311 451 

627 632 220 230
3 95 160 260 

648 649 872 874
4 8 147 223 364 

229 237 966 973
1 31 

282 292 941 946
1 1 

775 780 565 575
3 23 133 275 

96 103 741 749
1 14 

234 238 365 374
4 43 162 274 335 

269 271 866 874
2 91 129 

192 198 968 970
3 92 156 204 

933 943 765 773
4 72 144 264 351 

765 772 983 991
3 23 190 299 

742 752 564 565
4 82 144 246 336 

431 441 771 777
3 65 128 264 

386 394 921 925
4 60 193 201 334 

781 785 655 663
4 47 145 297 363 

493 503 358 367
3 66 188 218 

740 745 229 238
5 74 123 218 308 461 

510 515 861 868
3 58 117 288 

494 504 359 365
2 53 180 

607 617 466 471
3 44 198 248 

758 764 738 740
4 56 113 276 369 

178 184 183 184
1 32 

782 792 784 790
5 55 173 247 374 421 

345 348 219 225
1 12 

34 39 603 611
4 75 181 248 368 

687 694 687 693
2 86 176 

387 392 193 199
1 93 

65 74 546 552
1 12 

660 662 185 190
5 78 111 271 316 494 

142 145 305 308
2 78 138 

721 725 714 719
4 61 197 274 389 

414 419 698 703
5 18 158 241 358 494 

370 374 182 186
4 53 136 293 346 

639 640 685 692
2 35 157 

988 990 289 298
2 11 138 

955 960 197 203
1 26 

288 291 349 356
1 51 

607 617 170 172
4 59 140 287 365 

308 318 345 347
1 27 

711 718 233 237
3 68 179 249 

619 620 327 332
3 51 112 281 

420 424 393 401
2 49 186 

488 491 46 50
4 16 138 242 346 

28 35 338 344
3 69 157 298 

575 581 254 255
2 62 139 

566 573 270 272
5 0 147 209 362 407 

656 657 694 695
4 44 160 208 361 

627 629 807 808
1 31 

339 348 55 60
1 27 

137 144 391 400
4 89 198 229 348 

554 556 563 572
1 22 

338 346 31 38
2 67 145 

624 634 230 240
5 12 101 273 381 482 

693 702 789 790
5 64 127 202 336 464 

4 12 210 215
5 71 190 271 314 409 

418 424 909 911
1 42 

839 849 420 421
3 78 172 229 

14 21 957 965
4 95 109 241 302 

875 881 277 282
4 99 198 200 350 

1 5 406 410
1 80 

543 545 2 10
2 57 181 

80 83 78 82
5 55 160 210 344 421 

496 503 80 83
5 62 146 237 343 424 

801 806 311 315
1 59 

296 297 633 637
3 65 171 261 

899 902 794 798
1 59 

74 81 310 312
5 66 124 264 359 416 

698 707 949 957
4 70 145 221 381 

145 153 210 218
1 2 

539 549 833 842
3 30 182 246 

355 365 25 33
4 24 193 255 335 

25 26 242 243
4 68 135 224 315 

99 109 852 856
4 18 189 233 346 

87 97 799 805
4 61 141 219 358 

41 48 80 85
5 6 105 297 397 442 

598 605 432 435
5 79 108 221 395 406 

401 405 358 368
2 31 120 

968 969 997 1004
4 59 109 298 317 

818 827 350 353
2 26 156 

418 419 314 322
1 86 

336 340 366 367
2 70 112 

25 29 756 758
4 58 103 227 379 

939 940 115 116
2 71 134 

7 11 311 313
3 59 158 233 

175 185 578 588
4 42 105 237 383 

935 944 788 795
3 53 179 266 

322 332 601 609
2 51 156 

269 272 903 910
3 84 198 251 

345 348 377 378
5 80 112 291 325 463 

437 445 973 981
5 53 194 279 383 451 

779 786 202 211
5 2 148 296 366 438 

588 594 618 628
4 97 113 249 394 

719 722 199 207
1 36 

959 967 443 453
5 43 157 256 321 457 

789 797 641 649
3 71 173 227 

985 986 792 794
4 13 112 280 391 

586 595 81 83
3 43 102 229 

277 282 465 472
4 79 108 243 333 

719 720 809 819
3 76 101 225 

413 418 449 451
1 26 

141 142 493 500
1 7 

200 201 453 462
4 98 159 247 348 

402 404 418 424
2 74 116 

510 517 541 544
1 75 

731 735 972 974
3 51 164 263 

99 106 175 182
1 41 

593 594 458 459
1 44 

228 231 511 513
3 32 131 230 

339 349 415 419
3 2 112 219 

745 747 339 343
1 82 

646 651 676 679
5 24 122 259 318 497 

70 72 465 470
5 74 174 272 361 495 

173 174 741 750
3 28 107 252 

690 693 607 614
2 26 103 

909 915 917 922
4 7 150 290 331 

639 647 777 782
3 35 166 272 

17 21 332 338
3 11 195 203 

177 183 703 712
3 92 161 231 

45 49 419 421
5 11 179 232 384 442 

427 436 593 597
1 95 

51 55 695 701
3 11 111 265 

279 284 741 750
4 37 102 224 396 

551 561 842 847
1 93 

130 140 523 527
2 82 130 

703 712 498 506
5 8 148 253 361 492 

61 70 129 132
3 7 138 276 

477 483 132 142
3 23 181 232 

438 441 893 902
3 57 162 239 

167 176 827 836
1 64 

8 16 475 479
3 45 180 242 

746 754 905 914
3 36 136 214 

685 690 51 54
1 29 

570 576 88 91
1 5 

348 356 651 652
5 66 129 294 348 491 

976 979 793 800
5 68 199 228 363 497 

648 655 612 618
4 9 133 234 382 

712 718 463 470
5 18 147 283 397 478 

190 198 142 146
1 12 

229 236 904 914
1 41 

435 437 650 653
1 70 

157 167 554 562
3 78 152 237 

303 307 717 726
4 36 102 225 327 

162 168 725 726
3 35 139 280 

602 612 0 5
3 23 137 219 

494 495 883 884
5 59 195 283 318 405 

970 974 833 841
1 72 

632 633 154 159
4 88 118 289 318 

518 519 938 944
5 3 106 275 344 463 

686 690 720 725
5 26 189 296 330 422 

137 138 739 747
1 15 

261 263 468 477
5 64 143 213 312 401 

848 854 394 397
3 58 141 249 

72 81 589 593
4 55 177 239 343 

511 520 47 49
3 67 141 282 

580 583 549 550
5 39 140 274 370 491 

717 718 644 648
2 31 129 

827 829 557 558
3 7 165 281 

471 476 891 901
5 85 183 299 342 490 

396 397 121 130
2 2 173 

913 914 854 855
4 48 131 248 367 

340 344 56 57
1 26 

52 60 895 902
2 79 127 

731 736 1 10
2 43 155 

982 984 545 552
4 87 112 248 320 

594 596 983 992
2 23 164 

708 718 319 324
2 53 124 

22 26 407 416
3 71 188 206 

258 260 859 863
3 21 199 264 

707 711 370 373
3 20 141 271 

100 110 279 289
1 68 

578 584 332 337
5 91 151 290 306 492 

853 857 251 254
3 54 179 265 

936 943 421 424
1 94 

94 101 416 425
3 60 111 217 

482 490 379 383
5 26 174 216 314 467 

172 176 61 71
3 45 138 265 

283 293 757 761
4 83 161 218 368 

715 723 574 582
1 78 

827 830 15 25
2 32 186 

326 334 95 101
3 68 170 265 

688 698 348 350
1 25 

368 369 674 683
2 85 186 

621 631 207 215
1 30 

631 638 983 985
2 52 120 

693 703 64 74
4 43 134 295 383 

486 487 216 222
3 19 141 238 

312 315 185 191
1 27 

933 937 90 99
5 61 161 299 307 455 

213 219 618 627
2 70 133 

863 865 534 535
2 80 118 

677 679 39 41
3 86 199 213 

457 459 0 5
3 4 126 264 

966 974 411 414
5 67 111 262 385 482 

931 932 455 459
1 82 

405 408 518 524
1 50 

440 448 127 133
3 0 151 265 

654 659 673 681
4 22 165 290 313 

362 368 450 458
1 23 

198 207 720 726
2 11 155 

835 845 110 112
4 87 114 275 308 

357 358 717 718
2 53 197 

677 686 929 931
2 67 178 

287 289 523 525
1 53 

894 904 639 640
4 46 157 289 335 

472 479 496 506
2 46 115 

86 93 676 682
1 42 

51 56 387 390
5 93 123 267 391 457 

840 842 881 885
5 7 148 262 365 455 

57 61 262 267
4 82 132 226 396 

162 166 125 134
1 49 

276 278 642 652
2 12 149 

154 162 530 540
1 14 

70 75 692 701
2 37 115 

2 3 525 531
2 83 190 

148 151 305 315
5 6 138 255 326 414 

555 559 236 238
4 83 138 274 355 

765 773 623 624
5 75 112 227 368 494 

241 242 299 309
1 93 

305 313 352 354
4 78 167 299 338 

374 379 102 104
1 20 

464 470 664 671
1 22 

937 944 925 935
2 88 160 

349 354 452 455
1 0 

575 578 189 199
2 56 174 

440 441 682 692
5 44 116 252 373 432 

393 395 866 870
3 79 103 230 

249 254 337 345
3 8 145 250 

940 942 830 834
2 46 129 

496 499 880 888
3 63 190 240 

205 210 619 622
4 8 134 263 302 

906 909 511 516
3 3 155 250 

748 752 930 933
1 83 

122 124 532 542
3 99 113 243 

412 417 403 406
2 40 162 

129 137 806 809
2 61 100 

610 615 424 433
5 59 174 205 393 423 

388 393 795 800
1 32 

75 82 822 829
5 13 170 208 381 465 

363 371 673 680
3 62 151 246 

426 431 504 509
2 12 195 

992 993 792 800
4 52 141 281 374 

27 34 182 189
5 47 101 288 311 432 

176 180 477 482
2 7 126 

576 582 484 485
3 83 196 225 

791 801 493 496
3 25 181 296 

721 726 171 180
3 87 196 283 

765 767 416 419
4 74 142 276 348 

798 808 128 133
4 89 166 278 348 

301 308 554 560
3 28 190 234 

944 945 73 78
2 30 156 

53 61 348 349
4 47 111 245 372 

777 786 169 171
1 74 

341 346 866 868
4 20 121 234 350 

605 613 809 819
2 36 161 

743 749 164 166
1 30 

666 676 625 634
4 4 174 219 310 

918 920 322 325
3 36 103 242 

613 616 512 513
1 0 

315 323 532 537
5 12 186 212 303 427 

652 659 636 641
4 23 116 227 382 

446 449 59 63
1 52 

297 306 486 494
2 19 106 

78 84 291 298
2 28 143 

311 314 306 316
1 46 

63 64 455 463
2 38 131 

497 500 894 898
5 35 157 233 351 441 

608 613 218 222
3 34 178 230 

788 793 395 402
3 85 197 280 

116 119 943 947
3 13 174 225 

109 117 962 967
3 19 171 285 

504 506 440 444
5 96 174 229 310 462 

910 914 380 383
4 39 156 277 340 

158 162 883 884
4 4 164 278 339 

324 333 703 709
1 3 

767 777 975 979
1 1 

365 366 693 700
2 65 123 

713 720 308 315
4 8 170 247 335 

453 458 473 483
3 92 151 240 

560 565 759 765
1 99 

783 788 44 45
5 44 107 237 375 479 

106 109 346 354
3 82 151 291 

166 172 431 440
5 9 136 262 333 489 

832 837 399 408
4 48 113 283 388 

537 539 447 455
2 63 112 

891 900 170 175
4 73 123 236 361 

167 175 394 398
2 4 168 

99 106 508 509
5 7 134 288 388 401 

625 630 327 331
4 37 101 267 364 

594 601 203 212
5 34 177 253 393 407 

923 930 738 744
2 78 153 

329 333 944 951
4 54 131 279 308 

690 692 298 302
5 43 144 201 375 482 

386 387 61 68
4 16 135 231 308 

676 678 675 678
1 32 

883 890 302 309
2 17 109 

887 888 263 270
2 69 173 

747 754 58 67
1 62 

122 124 815 817
5 77 151 293 361 419 

213 223 723 727
4 83 108 289 382 

224 229 327 337
1 59 

828 829 930 938
4 81 174 297 365 

773 778 726 731
2 66 141 

437 439 686 690
5 90 175 247 308 492 

500 508 306 311
2 17 187 

136 137 805 812
1 36 

90 100 412 416
4 90 132 294 382 

11 15 526 530
3 3 189 200 

622 629 347 357
1 41 

218 220 106 111
2 72 166 

144 151 389 394
2 90 183 

618 626 123 131
1 77 

568 574 745 753
2 67 154 

332 340 688 695
3 68 144 218 

55 65 835 836
2 14 138 

829 830 1 4
3 87 115 295 

677 680 378 379
4 47 151 299 304 

814 821 387 393
3 2 121 223 

827 829 804 811
2 22 100 

130 139 838 841
5 8 184 291 377 425 

358 359 530 533
1 6 

210 218 490 500
5 0 124 243 368 431 

582 590 985 987
3 93 145 206 

699 709 379 383
3 32 149 294 

506 511 293 300
2 78 149 

288 294 534 535
1 85 

43 51 264 270
1 91 

584 585 251 253
2 42 196 

701 711 110 112
4 14 188 259 397 

941 947 464 469
3 11 198 279 

534 542 648 655
5 8 133 259 330 474 

799 800 90 100
2 35 120 

903 905 671 676
1 94 

399 406 987 996
4 47 141 297 371 

806 808 29 30
3 94 101 261 

259 268 845 847
3 51 131 297 

546 555 866 869
2 75 113 

951 956 512 513
5 55 105 210 348 493 

799 807 182 191
5 49 188 248 377 484 

721 731 500 510
3 58 117 266 

776 781 72 81
4 94 138 289 358 

656 663 127 133
5 54 157 278 345 478 

367 377 132 138
5 97 182 232 322 410 

363 366 485 489
2 18 165 

410 415 90 93
5 96 103 202 310 437 

244 248 198 207
2 49 192 

511 513 761 762
2 71 171 

842 847 51 58
2 42 173 

655 664 710 716
4 94 197 280 360 

469 473 446 452
3 49 114 260 

439 440 64 67
4 30 137 248 330 

714 724 606 615
5 29 173 216 340 433 

758 765 463 471
5 88 142 224 381 473 

723 724 299 303
3 54 125 230 

772 781 883 885
5 38 193 204 372 478 

504 514 932 941
5 40 104 233 348 498 

611 615 12 14
2 70 104 

216 224 807 817
2 95 198 

9 13 277 281
3 78 154 276 

104 105 968 974
3 51 178 211 

578 584 569 577
1 22 

249 256 549 557
2 14 152 

393 398 165 175
3 21 193 250 

472 477 979 984
2 55 151 

928 935 389 395
5 20 144 259 351 481 

994 1002 343 349
3 19 124 269 

38 45 285 295
2 94 187 

99 105 908 913
4 30 156 236 312 

215 224 267 273
4 98 141 249 329 

871 878 751 755
5 70 167 253 357 483 

281 288 416 420
1 46 

349 356 968 971
2 6 155 

718 725 646 648
5 21 184 229 326 440 

902 903 836 845
3 24 169 214 

773 782 988 990
3 65 197 255 

607 613 465 472
2 56 165 

509 514 645 648
1 3 

302 306 174 179
2 17 189 

892 896 746 752
5 70 180 291 388 466 

623 625 223 226
4 7 148 264 373 

355 360 308 314
4 45 124 299 341 

720 728 511 512
4 97 118 252 323 

390 392 85 95
2 95 168 

204 213 957 962
3 34 132 288 

135 141 925 933
1 54 

979 981 518 524
1 89 

412 421 403 409
3 30 126 283 

723 732 57 63
3 90 137 207 

128 132 284 291
1 45 

464 473 713 717
5 74 125 209 347 414 

988 994 561 562
3 41 171 277 

819 822 238 245
2 3 179 

864 874 218 226
3 50 151 269 

859 863 152 159
2 37 170 

66 76 509 511
3 70 173 260 

285 289 472 475
4 24 163 242 385 

55 62 212 213
2 98 153 

358 363 484 487
2 91 189 

313 320 167 175
4 92 193 247 386 

133 139 200 201
4 97 143 271 382 

21 25 660 666
3 16 178 250 

545 548 864 874
2 87 117 

926 927 476 485
3 94 188 208 

878 882 341 345
1 38 

972 976 126 131
3 23 192 256 

642 648 882 885
5 41 191 297 305 451 

47 53 34 42
5 47 199 202 376 493 

885 889 615 619
1 80 

370 380 606 612
5 95 178 251 360 495 

256 258 481 488
4 6 128 283 326 

943 944 891 892
2 11 179 

177 180 167 171
5 45 125 241 318 425 

0 5 137 147
4 62 109 289 305 

43 50 699 701
2 25 153 

879 880 571 577
5 49 148 262 366 450 

695 702 731 740
4 52 110 251 362 

190 192 213 215
2 95 112 

804 805 534 539
3 10 126 237 

755 760 942 943
2 51 147 

169 170 836 842
1 55 

897 901 744 748
2 65 173 

706 712 32 39
4 82 132 261 390 

470 477 310 317
5 45 166 283 302 430 

32 33 558 559
4 69 189 256 327 

278 280 428 431
1 58 

272 273 488 492
4 65 101 232 350 

722 725 319 326
5 75 133 243 348 486 

834 837 811 816
3 51 102 276 

649 652 176 183
4 13 116 299 306 

687 689 503 505
3 37 180 205 

384 386 133 142
3 53 129 255 

270 276 326 328
1 68 

953 963 922 924
1 44 

169 177 839 845
4 27 166 224 339 

56 59 284 290
5 56 129 265 352 484 

533 535 5 12
2 74 125 

673 682 493 499
2 25 199 

67 68 534 536
5 15 154 268 345 462 

626 629 728 730
3 21 179 268 

109 111 999 1009
4 30 105 200 309 

853 856 641 647
5 98 105 221 306 421 

325 334 562 567
5 23 182 263 309 419 

204 209 101 111
5 15 192 291 311 404 

965 973 459 468
3 77 163 234 

708 718 940 950
3 85 107 217 

523 530 869 876
5 28 165 225 343 494 

925 935 548 555
5 50 141 201 330 458 

416 422 136 144
1 50 

365 367 840 842
3 28 105 253 

86 91 970 978
2 44 117 

767 777 409 415
2 25 107 

836 846 478 485
5 48 159 257 359 478 

438 448 764 766
3 90 191 225 

128 134 615 616
4 92 125 265 337 

323 327 612 621
4 58 136 212 390 

181 185 613 616
5 37 146 233 390 461 

234 243 855 865
4 70 153 285 354 

896 906 45 47
5 64 163 264 391 455 

122 127 574 575
3 25 153 205 

296 301 947 954
3 89 146 214 

300 310 645 646
4 52 158 202 359 

826 827 560 568
1 69 

742 751 343 344
2 31 131 

778 781 750 753
4 68 158 272 389 

120 126 725 734
5 6 164 269 348 442 

191 200 622 624
4 27 172 274 364 

406 409 761 768
1 35 

648 649 550 560
5 4 119 293 330 464 

39 45 207 217
3 10 162 296 

688 690 663 671
3 69 131 283 

498 505 487 489
3 83 137 280 

714 717 722 731
5 56 108 221 387 482 

277 286 750 753
1 68 

545 546 540 547
2 25 120 

151 158 652 661
2 61 192 

47 56 145 155
4 0 192 238 301 

654 659 498 500
5 4 106 280 367 407 

353 358 469 475
2 44 108 

899 904 886 887
4 30 134 216 301 

772 780 432 442
5 42 189 265 379 426 

254 262 639 646
3 12 162 251 

309 311 234 243
4 11 187 206 374 

261 262 347 356
1 7 

980 984 969 971
4 14 185 211 326 

586 587 625 634
2 42 128 

731 733 68 77
3 47 151 232 

415 420 453 459
1 38 

481 483 727 730
1 86 

623 632 608 613
3 32 185 288 

989 999 399 409
2 37 179 

129 133 20 21
3 4 133 245 

367 376 520 522
1 28 

191 201 412 414
2 68 147 

598 606 23 29
4 9 198 283 369 

110 113 575 585
5 60 142 206 394 411 

788 791 409 418
2 49 169 

438 439 367 375
5 91 168 240 335 460 

586 592 371 381
4 51 140 268 372 

455 459 235 236
5 86 186 207 366 439 

915 918 859 861
2 26 156 

707 717 37 45
3 1 151 272 

398 408 376 381
1 19 

629 630 446 451
5 78 170 249 364 414 

544 546 101 109
3 25 136 255 

30 39 872 880
3 51 134 247 

975 984 586 596
4 82 163 287 390 

724 728 986 996
3 34 105 207 

125 127 384 390
1 34 

148 157 841 848
4 67 149 206 385 

782 785 138 142
4 75 168 279 379 

632 638 100 104
3 66 151 248 

644 646 39 40
5 80 149 294 341 410 

95 101 941 942
3 43 165 261 

541 542 291 292
3 48 168 268 

573 581 361 364
2 35 113 

476 485 193 194
4 68 106 267 350 

142 149 237 247
3 70 194 258 

940 947 922 929
3 81 104 257 

204 206 35 41
1 52 

808 811 470 478
1 62 

544 549 354 357
2 21 159 

376 381 655 659
5 98 148 232 344 498 

478 488 887 891
3 49 108 243 

400 404 830 835
4 69 170 246 330 

453 455 818 819
2 79 153 

70 72 525 531
3 52 151 207 

187 191 381 386
5 77 150 239 393 459 

539 542 15 20
4 33 174 235 393 

456 463 315 325
1 76 

844 847 201 202
3 5 130 208 

562 569 222 231
5 22 142 228 360 494 

463 472 102 108
5 10 125 207 331 441 

335 342 533 543
2 6 156 

979 989 316 323
4 81 192 290 372 

234 238 736 741
3 32 151 268 

202 203 918 925
3 50 158 203 

975 984 838 844
4 40 196 284 394 

745 755 850 857
3 44 198 256 

482 491 97 102
5 24 190 218 343 481 

287 293 521 530
4 69 116 243 348 

46 47 341 351
3 51 169 248 

178 185 617 627
5 27 199 271 316 468 

90 95 996 1006
1 51 

482 492 125 130
2 47 182 

782 791 668 676
3 73 108 205 

269 275 446 447
2 38 113 

603 610 679 683
3 9 185 227 

150 152 11 18
5 11 126 214 353 453 

591 594 402 409
4 88 122 258 327 

559 567 969 970
5 6 128 229 377 482 

11 17 296 304
4 69 179 249 322 

569 570 980 988
3 78 111 272 

354 357 732 741
5 74 120 255 348 458 

897 898 180 185
3 52 147 237 

901 906 130 137
4 17 126 287 317 

227 228 21 27
4 33 184 276 357 

651 660 666 669
4 96 160 262 373 

509 511 669 674
5 70 153 258 395 439 

65 67 663 664
3 13 119 211 

615 621 391 397
4 65 136 202 329 

340 344 373 381
2 37 142 

256 260 377 383
4 3 129 249 371 

41 42 770 774
3 95 129 249 

103 112 123 131
2 36 133 

190 193 607 610
4 61 164 281 347 

284 286 737 742
1 57 

422 424 272 278
3 87 160 281 

64 67 95 102
3 46 111 208 

970 980 60 63
1 95 

763 771 317 324
4 4 182 203 344 

936 940 757 760
4 37 123 227 351 

858 861 237 238
4 48 189 230 305 

480 486 427 434
2 88 124 

145 147 714 716
2 80 136 

765 766 838 844
4 67 141 219 314 

801 807 538 548
4 54 121 251 342 

940 946 170 171
5 2 182 245 361 414 

493 496 1 9
5 54 107 250 350 416 

905 907 625 631
1 10 

716 718 864 873
5 30 129 298 310 407 

388 389 555 562
4 52 139 206 358 

475 479 312 313
2 99 133 

187 191 310 314
5 96 121 218 330 459 

840 843 195 204
2 12 124 

80 89 191 195
3 64 104 259 

907 911 208 209
3 99 197 279 

267 275 401 405
3 61 108 284 

267 276 869 871
3 55 105 242 

283 286 780 783
4 5 168 228 322 

284 290 155 161
4 80 122 282 315 

609 619 18 24
2 38 171 

736 742 639 645
3 89 159 253 

132 142 594 604
1 69 

37 43 183 187
3 84 163 283 

70 74 492 493
5 97 140 229 392 403 

392 397 205 209
4 28 133 292 307 

639 645 929 931
4 6 128 239 391 

32 40 11 21
2 51 191 

759 761 543 545
1 91 

619 623 228 232
1 74 

151 156 889 896
2 55 109 

433 441 475 483
1 24 

544 546 644 649
2 15 141 

892 898 684 686
1 61 

627 633 429 433
4 47 145 260 352 

412 421 672 679
5 12 161 293 360 428 

137 146 832 834
1 94 

381 386 729 739
2 23 147 

386 390 637 639
1 14 

858 866 808 812
3 96 158 227 

55 62 583 590
1 35 

74 80 367 376
5 88 104 228 318 496 

989 990 777 780
2 41 126 

79 83 175 183
5 70 144 263 369 454 

839 840 396 403
5 31 195 270 355 401 

681 682 681 683
5 52 156 201 303 444 

76 77 69 71
5 47 104 297 334 487 

963 971 617 620
5 57 167 209 395 457 

240 248 121 124
2 27 194 

433 435 575 585
1 28 

783 787 502 510
3 38 165 283 

869 874 90 91
3 74 162 276 

339 345 891 895
5 72 123 250 322 426 

651 657 110 114
1 33 

670 679 784 791
1 59 

385 388 826 828
4 52 171 213 321 

439 442 224 227
5 63 141 294 397 419 

302 305 116 118
3 32 127 287 

113 114 695 699
3 85 147 238 

838 847 622 623
3 59 106 298 

852 853 151 155
1 78 

191 198 297 301
3 43 186 245 

442 447 742 746
5 46 140 270 390 457 

406 412 448 457
4 11 163 239 386 

12 15 772 774
1 80 

759 760 481 489
2 16 117 

546 553 800 807
2 71 177 

955 965 506 511
4 73 155 264 393 

792 801 954 956
2 29 180 

638 647 577 587
3 96 115 267 

368 378 429 439
5 92 195 288 364 492 

779 789 633 641
1 62 

30 36 495 496
1 60 

388 390 534 537
2 77 188 

775 785 114 118
3 57 116 255 

71 80 210 217
1 34 

699 701 749 758
4 57 191 206 351 

788 792 365 369
5 22 181 250 394 466 

522 531 304 312
2 91 173 

552 555 926 932
4 72 114 211 331 

377 379 958 967
1 87 

325 334 228 238
5 27 164 263 313 485 

672 681 253 255
5 63 179 288 339 489 

426 436 925 934
2 81 125 

443 450 10 16
3 5 192 200 

800 806 940 942
4 86 164 277 359 

609 618 673 679
5 5 109 262 372 434 

233 237 418 428
1 35 

232 234 488 498
1 45 

259 260 979 987
4 4 184 215 322 

757 767 901 908
3 24 152 238 

914 916 894 898
2 53 186 

869 874 692 700
5 26 160 204 395 458 

585 590 636 645
2 71 111 

671 679 536 541
4 56 126 264 320 

458 468 113 115
4 0 105 237 366 

162 169 365 370
4 93 185 287 319 

790 796 7 16
3 21 134 221 

881 888 991 994
2 33 166 

523 525 307 310
1 12 

687 691 516 517
2 64 166 

220 229 50 55
3 26 117 213 

504 513 295 303
4 16 193 275 325 

309 311 164 165
3 91 129 227 

342 343 871 881
3 53 155 298 

338 340 880 889
5 80 105 248 312 462 

169 179 302 310
3 36 179 241 

148 152 442 443
4 75 121 231 367 

405 410 113 117
4 60 196 238 384 

471 478 704 707
4 68 109 212 329 

212 220 98 103
2 75 162 

429 430 250 251
3 7 109 267 

487 494 469 473
5 96 128 289 348 478 

720 725 161 169
3 96 170 200 

576 582 503 509
2 69 127 

921 924 388 392
2 67 174 

354 356 741 742
4 56 181 216 378 

117 127 736 746
3 28 140 216 

836 837 234 236
1 91 

611 617 234 236
4 25 130 242 311 

486 489 2 11
1 60 

829 837 990 996
4 15 189 242 343 

782 783 258 261
5 1 197 276 388 427 

420 426 173 183
2 71 196 

147 153 566 570
2 40 100 

240 246 691 701
4 15 149 219 360 

953 959 712 720
5 47 195 236 340 415 

244 247 932 940
1 21 

323 324 728 730
4 9 194 241 379 

34 40 362 366
4 40 183 284 302 

324 326 158 162
2 27 188 

252 256 430 434
5 19 180 223 396 465 

596 600 586 592
4 6 166 242 380 

514 516 122 126
4 11 110 227 326 

235 242 368 376
1 18 

519 520 834 838
4 18 111 235 384 

549 554 588 595
1 95 

78 80 498 508
4 48 179 215 371 

849 854 905 912
1 76 

57 67 309 317
2 36 123 

562 563 715 716
1 5 

675 680 0 7
1 86 

179 189 854 863
1 94 

21 25 126 129
4 20 188 229 348 

399 401 300 306
3 7 168 229 

541 546 447 457
4 94 154 226 376 

733 742 331 336
1 93 

593 599 125 135
1 29 

875 881 535 540
5 37 160 206 326 494 

518 524 190 191
1 32 

999 1008 518 523
2 22 186 

68 76 15 19
1 16 

991 993 290 296
3 26 153 263 

280 287 817 823
5 0 178 232 364 495 

617 621 771 781
2 49 117 

229 238 883 891
1 11 

316 324 174 183
2 54 177 

786 792 529 535
2 93 110 

616 620 609 615
2 77 197 

295 297 162 167
2 38 136 

621 627 602 603
4 31 158 260 325 

992 996 459 465
3 79 141 209 

722 730 246 252
4 85 140 210 320 

279 280 784 789
4 78 141 269 331 

395 396 983 991
2 70 111 

524 526 442 445
4 54 162 272 380 

119 121 574 578
4 6 155 232 377 

452 457 610 612
2 76 110 

498 500 344 354
2 6 196 

407 413 538 539
2 52 145 

442 451 341 346
4 56 109 205 363 

608 616 953 959
5 0 164 279 398 422 

498 502 457 464
4 61 191 248 386 

165 174 126 136
4 19 170 216 306 

243 253 284 285
5 88 178 227 323 428 

468 476 537 538
3 91 177 273 

735 742 442 451
1 65 

174 183 395 402
3 48 134 211 

54 64 679 685
3 76 192 248 

52 58 386 389
4 21 168 236 392 

670 673 897 898
5 60 176 238 386 499 

460 469 340 343
3 72 111 245 

519 526 409 414
3 47 119 294 

991 997 190 199
5 19 197 249 334 457 

631 641 610 613
2 12 139 

417 418 17 25
3 79 199 284 

426 429 417 423
3 49 158 247 

574 575 8 18
1 71 

607 609 797 802
2 57 128 

265 274 862 867
4 7 151 217 341 

380 384 227 236
3 44 168 200 

637 642 441 442
4 43 153 212 338 

213 217 138 147
1 22 

572 580 340 344
4 63 144 204 351 

253 255 572 581
4 99 163 229 313 

384 389 331 340
5 21 139 299 391 421 

797 804 84 93
1 40 

821 824 886 895
1 50 

31 41 180 184
2 94 151 

822 831 90 95
2 32 163 

122 128 814 823
5 41 191 214 302 427 

912 919 641 650
3 7 129 232 

9 11 778 781
1 87 

230 239 271 276
5 18 115 239 337 413 

731 737 246 256
3 78 147 264 

73 75 601 611
5 7 164 292 383 437 

14 24 753 759
5 95 118 262 376 493 

40 48 209 210
3 18 128 277 

205 213 466 468
1 95 

196 197 670 671
2 39 184 

116 124 472 476
4 86 134 209 321 

715 721 450 457
2 54 186 

69 74 889 891
2 88 143 

210 218 314 316
1 51 

210 215 715 721
5 1 116 206 384 489 

822 827 394 401
3 61 186 245 

396 402 274 282
4 35 184 240 370 

125 134 867 873
4 34 123 249 381 

825 832 47 54
2 89 163 

758 764 847 849
2 79 167 

292 293 148 158
4 2 134 210 382 

480 490 264 270
1 30 

672 673 239 249
3 74 126 270 

59 69 945 954
1 25 

128 133 228 238
2 39 189 

389 391 502 504
3 45 165 260 

507 515 250 252
5 88 161 284 324 454 

947 948 995 1001
5 12 103 239 353 464 

157 167 123 132
1 25 

393 401 733 741
3 73 125 201 

291 292 812 822
5 70 107 283 358 405 

391 395 240 241
3 76 127 243 

990 993 768 775
4 70 190 243 312 

75 82 573 581
5 92 192 281 306 470 

55 61 481 489
3 91 167 227 

842 843 272 282
2 38 124 

839 842 925 935
4 17 160 248 354 

507 512 947 953
1 98 

970 977 65 69
1 87 

316 321 588 597
4 87 199 231 339 

289 298 159 163
2 56 199 

732 733 319 326
2 73 146 

630 631 652 658
1 70 

117 122 285 295
1 23 

936 940 880 887
1 23 

338 346 16 18
3 99 135 257 

774 783 285 292
5 27 140 291 306 428 

89 94 131 134
3 59 105 263 

786 796 227 234
2 50 114 

345 355 736 740
4 62 126 240 366 

721 730 157 166
3 77 123 231 

791 801 760 767
5 88 156 229 355 481 

608 614 241 243
3 80 163 213 

591 597 386 392
5 78 124 254 361 438 

209 214 170 172
5 47 133 230 332 422 

877 880 843 853
1 80 

928 933 47 53
1 62 

76 83 61 68
3 87 191 234 

756 760 976 985
1 27 

307 317 835 841
1 45 

542 548 314 324
5 31 132 203 312 450 

466 471 188 190
5 21 199 206 317 412 

0 2 211 212
1 73 

586 596 832 840
5 5 164 232 361 423 

209 211 992 1000
2 92 126 

995 1005 550 557
4 85 102 291 349 

738 745 714 717
5 78 101 297 380 447 

36 45 491 496
3 81 185 246 

433 442 645 646
3 84 187 275 

724 730 851 852
4 19 138 247 362 

541 546 794 795
1 21 

94 95 465 470
2 49 138 

507 509 554 560
3 71 106 281 

795 803 992 1000
5 15 140 279 384 410 

142 150 521 530
2 25 117 

18 22 288 294
3 46 156 238 

919 921 112 121
4 54 110 294 344 

279 282 374 383
5 69 115 284 358 485 

814 823 72 82
5 66 194 268 332 498 

262 265 996 998
3 16 117 281 

183 187 861 865
4 56 146 215 342 

114 119 117 127
5 29 161 212 397 485 

658 660 14 21
2 97 155 

447 448 462 472
2 17 197 

1 8 355 359
4 96 151 228 348 

892 895 16 24
1 24 

951 955 513 515
2 68 181 

124 131 211 214
4 61 133 291 376 

157 162 295 299
4 11 174 273 349 

693 699 426 434
3 39 118 298 

586 590 501 505
1 96 

446 449 314 318
4 43 154 230 395 

854 858 277 282
2 48 165 

716 723 583 585
5 67 101 227 304 427 

396 399 131 133
5 45 129 283 306 443 

918 925 487 488
4 40 141 255 302 

290 297 989 999
3 4 176 237 

793 802 393 394
5 78 152 298 390 426 

230 238 303 311
4 3 113 250 384 

964 971 126 133
1 11 

594 599 199 203
4 14 186 227 334 

878 880 52 60
2 61 182 

321 326 988 994
4 26 167 236 360 

608 613 97 100
3 30 141 246 

779 787 584 590
4 74 186 290 354 

636 642 779 781
1 37 

353 361 811 819
4 88 105 288 301 

774 779 47 55
5 57 150 287 337 493 

189 196 992 994
1 38 

501 508 827 832
1 9 

130 133 999 1003
1 70 

112 113 780 783
3 93 143 255 

711 721 418 423
5 84 199 235 380 406 

220 222 431 433
3 41 151 246 

646 655 635 638
1 80 

858 868 472 482
1 45 

512 517 308 314
5 53 184 213 331 458 

198 206 347 349
4 79 139 259 341 

284 293 79 87
3 80 137 205 

811 821 556 565
3 74 182 274 

234 242 678 686
1 35 

115 125 252 256
4 18 138 296 334 

667 668 712 720
4 38 129 228 355 

292 299 394 401
1 46 

836 842 148 153
5 59 119 222 366 470 

976 982 137 140
5 20 169 249 345 490 

972 973 726 729
2 26 139 

615 618 112 115
2 82 135 

338 345 658 668
4 29 119 297 316 

123 124 825 830
1 80 

327 330 747 757
5 47 196 261 391 424 

629 632 616 626
2 28 140 

564 568 10 13
5 90 135 266 346 432 

722 724 272 275
1 92 

768 773 830 839
4 14 186 241 397 

211 217 250 260
2 98 169 

531 534 731 732
1 67 

620 622 750 752
4 79 109 269 382 

522 529 183 188
4 58 116 245 326 

943 953 671 673
4 93 132 293 351 

210 216 529 531
2 63 161 

589 595 400 408
4 82 185 247 381 

815 824 802 811
1 3 

208 212 335 338
5 93 167 286 369 407 

320 323 579 585
4 5 152 227 388 

315 321 982 984
1 20 

639 643 702 706
4 5 170 273 313 

902 909 369 372
4 64 109 224 320 

620 626 374 380
3 12 135 266 

858 859 689 690
3 45 125 225 

998 1000 624 630
5 27 183 249 307 406 

942 943 923 931
4 6 125 221 325 

377 380 358 359
5 63 121 233 331 419 

213 219 692 699
3 74 164 267 

326 331 453 463
2 90 138 

461 466 811 815
3 13 157 202 

473 481 531 533
4 50 124 261 342 

534 543 645 650
1 34 

406 416 684 691
3 78 137 234 

113 115 219 222
3 94 181 247 

103 111 99 109
5 8 145 298 392 445 

438 441 172 178
3 96 140 224 

963 964 845 848
4 73 170 234 355 

261 264 38 44
5 4 199 290 369 405 

19 25 116 119
2 42 194 

578 587 784 792
5 90 117 263 305 442 

263 264 900 901
5 16 159 284 318 419 

323 328 992 1001
1 64 

992 995 858 865
1 83 

406 410 912 921
2 74 180 

210 219 364 374
2 55 187 

536 541 289 296
3 74 142 208 

151 154 665 669
2 11 101 

368 377 157 158
3 69 182 256 

232 238 684 694
1 81 

561 562 981 985
4 78 190 297 330 

572 573 467 470
1 29 

471 478 189 190
2 47 136 

